F 1850.000000 1897.000000 3.717551
F 1850.000000 1897.000000 3.717551
F 1850.000000 1897.000000 3.717551
F 1850.000000 1897.000000 3.717551
F 1850.000000 1897.000000 3.717551
F 1850.000000 1897.000000 3.717551
F 1850.000000 1897.000000 3.717551
F 1850.000000 1897.000000 3.717551
F 1850.000000 1897.000000 3.717551
F 1850.000000 1897.000000 3.717551
F 1850.000000 1897.000000 3.717551
F 1850.000000 1897.000000 3.717551
F 1850.000000 1897.000000 3.717551
F 1829.218582 1883.504389 3.717551
F 1792.046186 1859.364353 3.717551
F 1754.376891 1835.028459 3.715522
F 1716.569428 1810.584929 3.715522
F 1716.569428 1810.584929 3.715522
F 1679.055046 1786.330883 3.715522
F 1641.451953 1761.892818 3.717551
F 1603.782658 1737.556924 3.715522
F 1566.179565 1713.118859 3.717551
F 1566.179565 1713.118859 3.717551
F 1528.510270 1688.782964 3.715522
F 1490.907178 1664.344900 3.717551
F 1490.907178 1664.344900 3.717551
F 1453.237882 1640.009005 3.715522
F 1415.634790 1615.570940 3.717551
F 1377.965494 1591.235046 3.715522
F 1340.362402 1566.796981 3.717551
F 1302.693106 1542.461087 3.715522
F 1302.693106 1542.461087 3.715522
F 1265.090014 1518.023022 3.717551
F 1227.420718 1493.687128 3.715522
F 1189.613255 1469.243597 3.715522
F 1189.613255 1469.243597 3.715522
F 1152.098873 1444.989552 3.715522
F 1114.495781 1420.551487 3.717551
F 1076.826485 1396.215592 3.715522
F 1039.019022 1371.772062 3.715522
F 1039.019022 1371.772062 3.715522
F 1001.504640 1347.518016 3.715522
F 963.901548 1323.079951 3.717551
F 926.232252 1298.744057 3.715522
F 926.232252 1298.744057 3.715522
F 888.629160 1274.305992 3.717551
F 850.959864 1249.970098 3.715522
F 813.152401 1225.526567 3.715522
F 775.051857 1200.893552 3.715522
F 775.051857 1200.893552 3.715522
F 737.448765 1176.455487 3.717551
F 699.779469 1152.119593 3.715522
F 662.176377 1127.681528 3.717551
F 662.176377 1127.681528 3.717551
F 624.507081 1103.345634 3.715522
F 586.903989 1078.907569 3.717551
F 549.234693 1054.571675 3.715522
F 549.234693 1054.571675 3.715522
F 511.631601 1030.133610 3.717551
F 473.962305 1005.797715 3.715522
F 436.709446 980.826116 3.729726
F 402.357087 952.444182 3.816976
F 402.357087 952.444182 3.816976
F 370.142237 920.910076 3.902197
F 340.928353 886.802468 3.989447
F 314.822717 850.478808 4.074668
F 291.903612 812.064915 4.159889
F 291.903612 812.064915 4.159889
F 272.516625 771.943058 4.247139
F 256.414014 729.647779 4.334389
F 244.401732 687.098914 4.421639
F 235.764453 643.034512 4.504830
F 235.764453 643.034512 4.504830
F 234.748305 597.297141 4.665127
F 241.643728 553.089872 4.837598
F 255.268435 511.236134 4.997894
F 255.268435 511.236134 4.997894
F 273.276157 474.204301 5.133842
F 296.805937 439.137850 5.273848
F 324.267295 408.002842 5.405737
F 324.267295 408.002842 5.405737
F 355.535482 380.950279 5.539656
F 389.230259 358.258520 5.661400
F 427.412430 339.804785 5.803435
F 467.037111 326.833700 5.937354
F 467.037111 326.833700 5.937354
F 507.703621 319.365388 6.071272
F 549.367684 317.548309 6.209249
F 590.894656 321.273224 0.059982
F 590.894656 321.273224 0.059982
F 635.196088 325.526634 0.090418
F 679.849695 329.681984 0.092447
F 724.514418 333.716098 0.090418
F 768.656361 337.718251 0.090418
F 768.656361 337.718251 0.090418
F 813.309968 341.873601 0.092447
F 858.138719 346.029749 0.092447
F 903.314979 350.218115 0.092447
F 947.979702 354.252230 0.090418
F 947.979702 354.252230 0.090418
F 992.633309 358.407580 0.092447
F 1036.767040 362.499291 0.092447
F 1081.595791 366.655440 0.092447
F 1081.595791 366.655440 0.092447
F 1126.077032 370.779370 0.092447
F 1170.905782 374.935518 0.092447
F 1215.387023 379.059448 0.092447
F 1260.215774 383.215596 0.092447
F 1260.215774 383.215596 0.092447
F 1304.427737 388.272758 0.110709
F 1348.669645 397.803669 0.197959
F 1390.364454 414.372889 0.352168
F 1390.364454 414.372889 0.352168
F 1428.725861 438.065415 0.524639
F 1460.768914 465.051188 0.668703
F 1488.987549 495.731249 0.798564
F 1488.987549 495.731249 0.798564
F 1512.574740 529.472262 0.930453
F 1531.682760 565.523033 1.054226
F 1546.103687 604.643376 1.188145
F 1552.622605 641.327189 1.346413
F 1552.622605 641.327189 1.346413
F 1552.837322 678.267311 1.512796
F 1547.126414 714.749610 1.675122
F 1535.594544 749.829355 1.837447
F 1535.594544 749.829355 1.837447
F 1517.493224 783.451786 2.013976
F 1494.285040 812.882412 2.186447
F 1466.920282 837.697503 2.352831
F 1435.451616 861.660784 2.462401
F 1435.451616 861.660784 2.462401
F 1400.352984 890.133968 2.460372
F 1365.720435 918.073494 2.462401
F 1330.962015 946.134852 2.462401
F 1330.962015 946.134852 2.462401
F 1295.592055 974.827541 2.460372
F 1260.688179 1002.986572 2.462401
F 1225.860874 1031.240251 2.460372
F 1225.860874 1031.240251 2.460372
F 1191.430569 1059.152299 2.460372
F 1156.526693 1087.311330 2.462401
F 1121.699388 1115.565009 2.460372
F 1086.795511 1143.724040 2.462401
F 1051.968207 1171.977720 2.460372
F 1051.968207 1171.977720 2.460372
F 1016.995692 1200.329327 2.460372
F 982.294282 1228.461155 2.460372
F 947.321767 1256.812763 2.460372
F 947.321767 1256.812763 2.460372
F 912.082017 1284.832374 2.468488
F 872.554316 1306.058702 2.622697
F 831.991179 1314.509208 2.878360
F 798.315920 1313.466606 3.089383
F 798.315920 1313.466606 3.089383
F 764.935997 1305.167875 3.304465
F 735.111004 1290.703094 3.509401
F 708.536250 1269.993373 3.720424
F 708.536250 1269.993373 3.720424
F 686.613371 1243.462611 3.939564
F 671.155079 1213.935465 4.146529
F 662.084890 1182.052998 4.351465
F 659.504319 1149.733449 4.548285
F 659.504319 1149.733449 4.548285
F 663.540523 1117.015202 4.751192
F 674.135930 1085.436559 4.954099
F 687.069384 1043.932556 5.004825
F 687.069384 1043.932556 5.004825
F 699.998878 1001.354877 5.006854
F 712.963956 958.605674 5.006854
F 726.030324 915.522493 5.006854
F 738.894113 873.107269 5.006854
F 738.894113 873.107269 5.006854
F 751.960481 830.024088 5.006854
F 765.026849 786.940907 5.006854
F 777.991927 744.191705 5.006854
F 791.058295 701.108524 5.006854
F 791.058295 701.108524 5.006854
F 808.271323 659.073488 5.088017
F 828.911625 619.189181 5.175267
F 852.948905 581.255171 5.262517
F 852.948905 581.255171 5.262517
F 880.016539 545.642593 5.347738
F 910.236035 512.191458 5.432959
F 942.905664 481.887760 5.520209
F 942.905664 481.887760 5.520209
F 978.558243 454.842711 5.617604
F 1018.869450 434.645188 5.790075
F 1061.728719 421.803359 5.962546
F 1102.949588 415.475962 6.100523
F 1102.949588 415.475962 6.100523
F 1143.898546 414.141283 6.222267
F 1184.178707 417.891123 0.062855
F 1224.809811 427.244078 0.196774
F 1266.317363 438.286154 0.249530
F 1266.317363 438.286154 0.249530
F 1309.605813 449.317819 0.249530
F 1352.894264 460.349484 0.249530
F 1395.844523 471.294964 0.249530
F 1395.844523 471.294964 0.249530
F 1439.613815 482.559302 0.251559
F 1482.541777 493.591909 0.251559
F 1526.145770 504.798257 0.251559
F 1569.749763 516.004606 0.251559
F 1569.749763 516.004606 0.251559
F 1613.015740 527.124083 0.251559
F 1655.749547 541.960992 0.322576
F 1696.550368 560.296901 0.407797
F 1696.550368 560.296901 0.407797
F 1735.436240 582.057130 0.495047
F 1772.876991 607.481034 0.582297
F 1807.317601 635.475969 0.667518
F 1807.317601 635.475969 0.667518
F 1837.411093 669.206070 0.817669
F 1861.035270 707.399547 0.988111
F 1877.788277 746.563542 1.136233
F 1890.643874 786.518764 1.237687
F 1890.643874 786.518764 1.237687
F 1905.364997 829.064962 1.237687
F 1919.857886 870.951529 1.237687
F 1931.378277 914.326474 1.300588
F 1939.029566 958.219170 1.383780
F 1939.029566 958.219170 1.383780
F 1942.765386 1003.149750 1.473059
F 1942.596229 1048.406309 1.560309
F 1938.607388 1092.959666 1.645530
F 1938.607388 1092.959666 1.645530
F 1930.715137 1137.169307 1.732780
F 1919.210239 1180.035487 1.818000
F 1903.647863 1222.903252 1.905250
F 1885.085544 1262.834636 1.990471
F 1885.085544 1262.834636 1.990471
F 1862.724903 1301.977938 2.075692
F 1836.753151 1339.256713 2.164971
F 1807.936197 1373.923405 2.250192
F 1807.936197 1373.923405 2.250192
F 1776.541630 1405.546180 2.337442
F 1742.258136 1434.553454 2.424692
F 1705.504870 1460.656977 2.509913
F 1667.243294 1483.149728 2.595134
F 1667.243294 1483.149728 2.595134
F 1627.594224 1503.787227 2.651948
F 1588.067292 1524.972912 2.649919
F 1548.379300 1546.227411 2.649919
F 1548.379300 1546.227411 2.649919
F 1508.998967 1567.317147 2.649919
F 1469.414669 1588.395450 2.651948
F 1429.887737 1609.581135 2.649919
F 1389.892086 1631.000398 2.649919
F 1389.892086 1631.000398 2.649919
F 1348.525051 1648.452064 2.729053
F 1306.614103 1661.963078 2.814274
F 1262.506501 1672.097383 2.901524
F 1262.506501 1672.097383 2.901524
F 1217.872290 1678.420642 2.986745
F 1173.370823 1682.573772 3.039500
F 1128.768766 1687.250107 3.037471
F 1084.501326 1691.769424 3.039500
F 1084.501326 1691.769424 3.039500
F 1040.061927 1696.322169 3.039500
F 995.459871 1700.998504 3.037471
F 950.845284 1705.553742 3.039500
F 950.845284 1705.553742 3.039500
F 905.548934 1710.301918 3.037471
F 861.465975 1714.908551 3.037471
F 816.851388 1719.463788 3.039500
F 816.851388 1719.463788 3.039500
F 772.064807 1724.052101 3.039500
F 727.462750 1728.728436 3.037471
F 682.848163 1733.283674 3.039500
F 639.981839 1737.780407 3.037471
F 633.553364 1738.384388 3.039500
F 633.553364 1738.384388 3.039500
F 633.553364 1738.384388 3.039500
F 633.553364 1738.384388 3.039500
F 633.553364 1738.384388 3.039500
F 633.553364 1738.384388 3.039500
F 633.553364 1738.384388 3.039500
F 633.553364 1738.384388 3.039500
