F 1811.258469 1850.968738 3.730658
E -0.612851 79.934494 63.772404 0.099967
W C 1291.0 1881.0 383.0 1458.0 482.0 682.0 1191.0 747.0 1693.0 1043.0 1805.0 190.0
F 1807.776453 1844.427030 3.730509
E -0.630412 70.189125 50.421620 0.081376
W C 1291.0 1881.0 383.0 1458.0 482.0 682.0 1191.0 747.0 1693.0 1043.0 1805.0 190.0
F 1806.357568 1841.825350 3.730263
E -0.637790 63.425688 42.982233 0.071089
W C 1291.0 1881.0 383.0 1458.0 482.0 682.0 1191.0 747.0 1693.0 1043.0 1805.0 190.0
F 1805.469289 1839.840921 3.729829
E -0.641913 58.325601 38.085075 0.064134
W C 1291.0 1881.0 383.0 1458.0 482.0 682.0 1191.0 747.0 1693.0 1043.0 1805.0 190.0
F 1805.044036 1838.447259 3.729386
E -0.644659 54.291618 34.550063 0.058970
W C 1291.0 1881.0 383.0 1458.0 482.0 682.0 1191.0 747.0 1693.0 1043.0 1805.0 190.0
F 1804.557236 1837.506011 3.729162
E -0.646645 50.994124 31.844858 0.054918
W C 1291.0 1881.0 383.0 1458.0 482.0 682.0 1191.0 747.0 1693.0 1043.0 1805.0 190.0
F 1804.251564 1836.905194 3.729014
E -0.648154 48.232602 29.688454 0.051619
W C 1291.0 1881.0 383.0 1458.0 482.0 682.0 1191.0 747.0 1693.0 1043.0 1805.0 190.0
F 1804.033719 1836.510643 3.728925
E -0.649334 45.876002 27.917561 0.048863
W C 1291.0 1881.0 383.0 1458.0 482.0 682.0 1191.0 747.0 1693.0 1043.0 1805.0 190.0
F 1803.884040 1836.214647 3.728850
E -0.650282 43.834175 26.429609 0.046512
W C 1291.0 1881.0 383.0 1458.0 482.0 682.0 1191.0 747.0 1693.0 1043.0 1805.0 190.0
F 1803.799561 1835.870745 3.728664
E -0.651064 42.042692 25.156538 0.044475
W C 1291.0 1881.0 383.0 1458.0 482.0 682.0 1191.0 747.0 1693.0 1043.0 1805.0 190.0
F 1803.694568 1835.717378 3.728643
E -0.651729 40.454174 24.051199 0.042686
W C 1291.0 1881.0 383.0 1458.0 482.0 682.0 1191.0 747.0 1693.0 1043.0 1805.0 190.0
F 1803.670123 1835.523901 3.728558
E -0.652291 39.033086 23.079732 0.041100
W C 1291.0 1881.0 383.0 1458.0 482.0 682.0 1191.0 747.0 1693.0 1043.0 1805.0 190.0
F 1803.748435 1835.363717 3.728441
E -0.652790 37.751986 22.217165 0.039679
W C 1291.0 1881.0 383.0 1458.0 482.0 682.0 1191.0 747.0 1693.0 1043.0 1805.0 190.0
F 1784.558596 1822.528387 3.728900
E -0.629705 36.036736 22.060778 0.071013
W C 1291.0 1881.0 383.0 1458.0 482.0 682.0 1191.0 747.0 1693.0 1043.0 1805.0 190.0
F 1750.844416 1799.906678 3.727203
E -0.557583 34.275504 23.169689 0.089655
W C 1291.0 1881.0 383.0 1458.0 482.0 682.0 1191.0 747.0 1693.0 1043.0 1805.0 190.0
F 1717.762663 1777.600761 -2.553588
E -0.465562 32.874984 23.891291 0.090527
W C 1291.0 1881.0 383.0 1458.0 482.0 682.0 1191.0 747.0 1693.0 1043.0 1805.0 190.0
F 1684.741728 1756.055614 -2.560818
E -0.367444 31.828625 24.387082 0.095922
W C 1291.0 1881.0 383.0 1458.0 482.0 682.0 1191.0 747.0 1693.0 1043.0
F 1686.415213 1757.745166 -2.559646
E -0.415287 30.903092 23.405824 0.075188
W C 1291.0 1881.0 383.0 1458.0 482.0 682.0 1191.0 747.0 1693.0 1043.0
F 1650.330602 1734.805127 -2.561555
E -0.288214 30.096539 23.721127 0.094369
W C 1291.0 1881.0 383.0 1458.0 482.0 682.0 1191.0 747.0 1693.0 1043.0
F 1615.731593 1712.599109 -2.561859
E -0.167001 29.514616 23.696276 0.095608
W C 1291.0 1881.0 383.0 1458.0 482.0 682.0 1191.0 747.0 1693.0 1043.0
F 1582.724350 1691.331329 -2.563922
E -0.067471 29.011752 23.448779 0.095456
W C 1291.0 1881.0 383.0 1458.0 482.0 682.0 1191.0 747.0 1693.0 1043.0
F 1550.702996 1670.621910 -2.565939
E 0.008936 28.491643 23.105540 0.095303
W C 1291.0 1881.0 383.0 1458.0 482.0 682.0 1191.0 747.0 1693.0 1043.0
F 1552.932497 1672.397689 -2.565871
E -0.105405 27.041001 22.277930 0.073928
W C 1291.0 1881.0 383.0 1458.0 482.0 682.0 1191.0 747.0 1693.0 1043.0
F 1516.937279 1649.273261 -2.564653
E 0.016942 26.754375 22.061419 0.093628
W C 1291.0 1881.0 383.0 1458.0 482.0 682.0 1191.0 747.0 1693.0 1043.0
F 1481.224149 1624.714259 -2.549504
E 0.191883 27.540323 22.191399 0.102702
W C 383.0 1458.0 482.0 682.0 1191.0 747.0 1693.0 1043.0
F 1480.170982 1624.377505 -2.554988
E 0.159205 26.779566 21.796454 0.080900
W C 383.0 1458.0 482.0 682.0 1191.0 747.0 1693.0 1043.0
F 1442.661964 1598.773334 -2.555248
E 0.312555 27.667589 21.624767 0.095025
W C 383.0 1458.0 482.0 682.0 1191.0 747.0 1805.0 190.0 1693.0 1043.0
F 1407.622749 1575.256088 -2.560150
E 0.388820 26.756285 21.270799 0.089580
W C 1291.0 1881.0 383.0 1458.0 482.0 682.0 1191.0 747.0 1805.0 190.0 1693.0 1043.0
F 1373.781712 1552.305271 -2.561660
E 0.458915 26.304531 20.909322 0.089299
W C 1291.0 1881.0 383.0 1458.0 482.0 682.0 1191.0 747.0 1805.0 190.0 1693.0 1043.0
F 1337.219953 1527.337566 -2.554103
E 0.504236 27.415797 20.673228 0.095182
W C 383.0 1458.0 482.0 682.0 1191.0 747.0 1805.0 190.0 1693.0 1043.0
F 1302.636166 1503.523015 -2.545377
E 0.544421 28.376886 20.440108 0.096064
W C 383.0 1458.0 482.0 682.0 1191.0 747.0 1805.0 190.0 1693.0 1043.0
F 1302.718101 1503.625949 -2.549288
E 0.522856 27.360382 19.966067 0.074611
W C 383.0 1458.0 482.0 682.0 1191.0 747.0 1805.0 190.0 1693.0 1043.0
F 1264.912569 1478.660000 -2.557752
E 0.562580 28.340005 19.627670 0.094614
W C 383.0 1458.0 482.0 682.0 1191.0 747.0 1805.0 190.0 1693.0 1043.0
F 1229.409713 1454.581477 -2.550586
E 0.589104 29.153844 19.416173 0.096276
W C 383.0 1458.0 482.0 682.0 1191.0 747.0 1805.0 190.0 1693.0 1043.0
F 1193.557884 1430.620613 -2.550266
E 0.611434 29.825244 19.259765 0.096502
W C 383.0 1458.0 482.0 682.0 1191.0 747.0 1805.0 190.0 1693.0 1043.0
F 1193.692570 1431.056100 -2.554796
E 0.596022 28.611661 18.799489 0.074864
W C 383.0 1458.0 482.0 682.0 1191.0 747.0 1805.0 190.0 1693.0 1043.0
F 1156.888792 1407.109469 -2.565084
E 0.613861 29.583651 18.613026 0.100274
W C 383.0 1458.0 482.0 682.0 1191.0 747.0 1805.0 190.0
F 1120.976285 1383.629631 -2.564628
E 0.622272 30.385375 18.567797 0.102870
W C 383.0 1458.0 482.0 682.0 1191.0 747.0 1805.0 190.0
F 1085.936497 1360.854889 -2.564351
E 0.628767 31.008667 18.576452 0.103051
W C 383.0 1458.0 482.0 682.0 1191.0 747.0 1805.0 190.0
F 1050.389848 1338.419110 -2.570557
E 0.634316 31.483344 18.600585 0.103167
W C 383.0 1458.0 482.0 682.0 1191.0 747.0 1805.0 190.0
F 1051.503900 1339.220086 -2.572231
E 0.626631 30.186788 18.189562 0.080472
W C 383.0 1458.0 482.0 682.0 1191.0 747.0 1805.0 190.0
F 1015.970061 1316.748206 -2.574257
E 0.630428 30.731288 18.044822 0.100845
W C 383.0 1458.0 482.0 682.0 1191.0 747.0 1805.0 190.0
F 981.448794 1294.817880 -2.570432
E 0.634009 31.125948 18.050649 0.103022
W C 383.0 1458.0 482.0 682.0 1191.0 747.0 1805.0 190.0
F 947.694609 1273.678058 -2.572036
E 0.637470 31.373721 18.111515 0.103209
W C 383.0 1458.0 482.0 682.0 1191.0 747.0 1805.0 190.0
F 949.781316 1275.461942 -2.574664
E 0.629598 29.924998 17.688656 0.080483
W C 383.0 1458.0 482.0 682.0 1191.0 747.0 1805.0 190.0
F 913.782663 1253.194472 -2.578922
E 0.631692 30.341777 17.595501 0.101039
W C 383.0 1458.0 482.0 682.0 1191.0 747.0 1805.0 190.0
F 878.910291 1231.726122 -2.580012
E 0.632789 30.599434 17.663324 0.103144
W C 383.0 1458.0 482.0 682.0 1191.0 747.0 1805.0 190.0
F 845.137395 1211.024041 -2.579032
E 0.633220 30.736449 17.792657 0.103455
W C 383.0 1458.0 482.0 682.0 1191.0 747.0 1805.0 190.0
F 811.238471 1191.058283 -2.584858
E 0.629261 30.837429 18.048982 0.112565
W C 383.0 1458.0 482.0 682.0 1191.0 747.0
F 810.989893 1191.636021 -2.589711
E 0.621119 29.247151 17.606975 0.089107
W C 383.0 1458.0 482.0 682.0 1191.0 747.0
F 775.140395 1170.575310 -2.593432
E 0.613726 29.560254 17.694008 0.110535
W C 383.0 1458.0 482.0 682.0 1191.0 747.0
F 738.802919 1149.410969 -2.598511
E 0.607656 29.736006 17.964840 0.113512
W C 383.0 1458.0 482.0 682.0 1191.0 747.0
F 705.116390 1130.079965 -2.598895
E 0.603744 29.800512 18.300335 0.114049
W C 383.0 1458.0 482.0 682.0 1191.0 747.0
F 704.901221 1131.014950 -2.606452
E 0.595612 28.600199 17.844558 0.095374
W C 383.0 1458.0 482.0 682.0
F 665.678638 1108.949901 -2.617303
E 0.578301 29.326528 18.076990 0.123029
W C 383.0 1458.0 482.0 682.0
F 628.455987 1088.476040 -2.626526
E 0.562814 29.793132 18.527269 0.128349
W C 383.0 1458.0 482.0 682.0
F 591.015430 1067.793202 -2.631134
E 0.556869 30.010841 19.058960 0.129357
W C 383.0 1458.0 482.0 682.0
F 590.849143 1067.974533 -2.631250
E 0.576258 28.528143 18.440581 0.104209
W C 383.0 1458.0 482.0 682.0
F 552.899305 1047.085080 -2.633042
E 0.576437 28.872785 18.743686 0.125245
W C 383.0 1458.0 482.0 682.0
F 514.180190 1026.055812 -2.637962
E 0.595210 28.999937 19.253860 0.129557
W C 383.0 1458.0 482.0 682.0
F 479.210550 1006.110761 -2.627073
E 0.634078 29.014887 19.870239 0.131269
W C 383.0 1458.0 482.0 682.0
F 444.231344 986.062170 -2.591757
E 0.691723 29.497714 20.508625 0.137917
W C 383.0 1458.0 482.0 682.0
F 444.700076 987.725207 -2.606400
E 0.735618 27.719319 19.745997 0.109813
W C 383.0 1458.0 482.0 682.0
F 408.919453 960.688935 -2.509198
E 2.376814 20.217648 30.305665 0.160956
W C 482.0 682.0
F 375.980241 929.314726 -2.402024
E 2.488948 20.639662 32.483998 0.151790
W C 482.0 682.0 1805.0 190.0
F 347.690278 896.554483 -2.307800
E 2.610246 20.946194 34.228891 0.152927
W C 482.0 682.0 1805.0 190.0
F 322.594980 861.243033 -2.213750
E 2.734470 21.189690 35.595532 0.156036
W C 482.0 682.0 1805.0 190.0
F 322.498282 861.056190 -2.216722
E 2.746129 20.537603 34.232064 0.130368
W C 482.0 682.0 1805.0 190.0
F 300.495835 823.407324 -2.121924
E 2.860490 20.535805 35.438149 0.154273
W C 482.0 682.0 1805.0 190.0
F 282.646827 782.701815 -2.009152
E 3.004973 20.990066 38.088325 0.197711
W C 482.0 682.0
F 270.368182 741.064312 -1.890425
E -3.106917 21.723286 41.406338 0.222445
W C 482.0 682.0
F 261.441800 697.309777 -1.791177
E -2.923513 22.614892 45.448016 0.242819
W C 482.0 682.0
F 261.441800 697.309777 -1.791177
E -2.923513 22.614892 45.448016 0.242819
W C
F 252.140543 659.890566 -1.715756
E -2.849505 24.500996 45.383582 0.207689
W C 1805.0 190.0
F 248.304255 619.082279 -1.611605
E -2.834787 26.491945 47.405400 0.200330
W C 1805.0 190.0
F 246.997714 578.087674 -1.534569
E -2.826832 28.157663 49.440940 0.195708
W C 1805.0 190.0
F 250.567742 577.166962 -1.506322
E -2.857890 27.035515 48.709812 0.138541
W C 1805.0 190.0 1191.0 747.0
F 259.313955 537.197272 -1.390425
E -2.843705 27.313881 50.304609 0.149692
W C 1805.0 190.0 1191.0 747.0
F 274.731228 497.505245 -1.251040
E -2.820963 27.201783 51.712560 0.133986
W C 1805.0 190.0 1191.0 747.0 1693.0 1043.0
F 293.759367 460.519880 -1.134189
E -2.787475 27.337545 52.765774 0.148352
W C 1805.0 190.0 1191.0 747.0
F 295.804649 460.052619 -1.126928
E -2.803589 26.702516 52.095754 0.119685
W C 1805.0 190.0 1191.0 747.0
F 322.115669 426.018521 -0.972679
E -2.760706 26.808739 52.936469 0.146443
W C 1805.0 190.0 1191.0 747.0
F 348.755647 395.809229 -0.875232
E -2.716619 27.133799 53.249041 0.147892
W C 1805.0 190.0 1191.0 747.0
F 381.391900 367.854543 -0.743068
E -2.665285 27.658411 53.608383 0.150994
W C 1805.0 190.0 1191.0 747.0
F 415.309251 344.357848 -0.631560
E -2.614707 28.227848 53.549355 0.149788
W C 1805.0 190.0 1191.0 747.0
F 417.240925 344.599505 -0.624352
E -2.631214 27.502067 52.666063 0.119992
W C 1805.0 190.0 1191.0 747.0
F 457.231190 327.019246 -0.466504
E -2.573044 28.099219 52.398317 0.145342
W C 1805.0 190.0 1191.0 747.0
F 495.427797 313.084325 -0.369211
E -2.512837 28.971169 51.798566 0.148752
W C 1805.0 190.0 1191.0 747.0
F 536.898633 304.955714 -0.234928
E -2.453216 29.802807 51.018564 0.148201
W C 1805.0 190.0 1191.0 747.0
F 541.215676 306.661878 -0.202678
E -2.474060 29.067448 49.976999 0.118698
W C 1805.0 190.0 1191.0 747.0
F 587.640802 304.140183 -0.115222
E -2.410790 29.291568 48.345627 0.120614
W C 1805.0 190.0 1191.0 747.0 1291.0 1881.0
F 633.265615 306.531753 -0.042771
E -0.768768 46.142046 29.669056 0.120055
W C 1805.0 190.0 1191.0 747.0 383.0 1458.0
F 676.624785 310.950068 0.004113
E -0.689612 44.187394 29.999133 0.119326
W C 1805.0 190.0 1191.0 747.0 383.0 1458.0
F 720.064569 316.123128 0.040926
E -0.600246 42.477585 30.180286 0.118484
W C 1805.0 190.0 1191.0 747.0 383.0 1458.0
F 720.496886 318.363670 0.046623
E -0.601615 40.854499 29.350811 0.095271
W C 1805.0 190.0 1191.0 747.0 383.0 1458.0
F 765.899067 322.271149 0.050721
E -0.484503 39.624671 29.364686 0.115002
W C 1805.0 190.0 1191.0 747.0 383.0 1458.0
F 810.495025 327.309557 0.064272
E -0.360184 38.733050 28.885363 0.107966
W C 1805.0 190.0 1191.0 747.0 1291.0 1881.0 383.0 1458.0
F 853.192068 332.041892 0.070951
E -0.239776 38.108788 28.553131 0.116595
W C 1805.0 190.0 1191.0 747.0 383.0 1458.0
F 895.013744 335.854277 0.068219
E -0.151417 37.358455 27.835624 0.107443
W C 1805.0 190.0 1693.0 1043.0 1191.0 747.0 383.0 1458.0
F 896.233970 335.610811 0.059367
E -0.188701 35.843471 27.213227 0.088946
W C 1805.0 190.0 1693.0 1043.0 1191.0 747.0
F 941.212860 338.236633 0.052976
E -0.112681 35.615709 26.559193 0.113044
W C 1805.0 190.0 1693.0 1043.0 1191.0 747.0
F 984.450911 341.023569 0.054430
E -0.050999 35.363202 25.935770 0.115956
W C 1805.0 190.0 1693.0 1043.0 1191.0 747.0
F 1025.300825 344.410117 0.067502
E 0.003866 35.128442 25.351022 0.116703
W C 1805.0 190.0 1693.0 1043.0 1191.0 747.0
F 1026.671241 344.005143 0.055480
E -0.021786 33.542186 24.887809 0.093884
W C 1805.0 190.0 1693.0 1043.0 1191.0 747.0
F 1069.851335 346.550416 0.054085
E 0.033154 33.530946 24.206885 0.113739
W C 1805.0 190.0 1693.0 1043.0 1191.0 747.0
F 1113.608111 348.852984 0.050564
E 0.077344 33.459825 23.688600 0.116584
W C 1805.0 190.0 1693.0 1043.0 1191.0 747.0
F 1155.662723 351.198495 0.053178
E 0.111706 33.291391 23.274667 0.116765
W C 1805.0 190.0 1693.0 1043.0 1191.0 747.0
F 1195.045493 353.867454 0.067880
E 0.138572 33.092864 22.932932 0.117009
W C 1805.0 190.0 1693.0 1043.0 1191.0 747.0
F 1195.805111 353.375548 0.055207
E 0.110308 31.357029 22.450462 0.093856
W C 1805.0 190.0 1693.0 1043.0 1191.0 747.0
F 1239.664052 355.620052 0.054590
E 0.134715 31.480868 21.998066 0.114064
W C 1805.0 190.0 1693.0 1043.0 1191.0 747.0
F 1282.206221 358.196845 0.083073
E 0.152563 32.030976 21.726794 0.121653
W C 1805.0 190.0 1693.0 1043.0 1191.0 747.0
F 1321.717649 363.244888 0.152079
E 0.173953 33.300508 21.531835 0.128163
W C 1805.0 190.0 1693.0 1043.0 1191.0 747.0
F 1321.298221 363.121815 0.145074
E 0.133379 31.381634 21.017687 0.099032
W C 1805.0 190.0 1693.0 1043.0 1191.0 747.0
F 1363.475044 378.214902 0.303358
E 0.181019 33.024291 20.568085 0.115928
W C 1805.0 190.0 1693.0 1043.0 1291.0 1881.0 1191.0 747.0
F 1400.905649 398.147480 0.444276
E 0.229535 33.150557 20.341238 0.113325
W C 1805.0 190.0 1693.0 1043.0 1291.0 1881.0 1191.0 747.0
F 1432.541127 417.692904 0.522273
E 0.283574 32.649215 20.276141 0.111568
W C 1805.0 190.0 1693.0 1043.0 1291.0 1881.0 1191.0 747.0
F 1433.443820 420.106864 0.538955
E 0.243945 30.452336 19.766134 0.089902
W C 1805.0 190.0 1693.0 1043.0 1191.0 747.0
F 1463.940062 448.247916 0.683952
E 0.330627 30.441662 19.807914 0.109792
W C 1805.0 190.0 1693.0 1043.0 1291.0 1881.0 1191.0 747.0
F 1489.565431 478.014113 0.797063
E 0.419388 29.980802 20.070281 0.110069
W C 1805.0 190.0 1693.0 1043.0 1291.0 1881.0 1191.0 747.0
F 1510.758689 505.353259 0.860819
E 0.538681 29.716947 20.642472 0.122854
W C 1805.0 190.0 1693.0 1043.0 1191.0 747.0
F 1525.801356 536.515088 1.003745
E 0.663336 29.692689 20.801861 0.104083
W C 1805.0 190.0 1693.0 1043.0 1291.0 1881.0 383.0 1458.0 1191.0 747.0
F 1523.069799 541.075157 1.049237
E 0.648121 27.286390 20.040737 0.075128
W C 1805.0 190.0 1693.0 1043.0 1291.0 1881.0 383.0 1458.0 1191.0 747.0 482.0 682.0
F 1532.954243 580.599068 1.246424
E 2.440225 20.292155 29.500805 0.105209
W C 1693.0 1043.0 1291.0 1881.0 383.0 1458.0 1191.0 747.0 482.0 682.0
F 1538.255428 620.006400 1.395876
E 2.602137 20.529972 30.885892 0.114387
W C 1693.0 1043.0 1291.0 1881.0 383.0 1458.0 1191.0 747.0
F 1535.957551 660.007728 1.573188
E 2.751062 20.747292 32.043603 0.126952
W C 1693.0 1043.0 383.0 1458.0 1191.0 747.0
F 1534.368503 666.167508 1.607825
E 2.703415 20.140264 30.426418 0.093438
W C 1693.0 1043.0 1291.0 1881.0 383.0 1458.0 1191.0 747.0
F 1523.846681 707.611393 1.790100
E 2.879613 20.636963 30.912736 0.113722
W C 1693.0 1043.0 1291.0 1881.0 383.0 1458.0 1191.0 747.0
F 1509.029032 744.739316 1.932644
E 3.025355 21.084504 30.607015 0.113123
W C 1693.0 1043.0 1291.0 1881.0 383.0 1458.0 1191.0 747.0
F 1490.321578 777.191265 2.067226
E -3.129307 21.421934 29.695535 0.111914
W C 1693.0 1043.0 1291.0 1881.0 383.0 1458.0 1191.0 747.0
F 1470.753414 805.276731 2.135532
E -3.048536 21.448788 27.921947 0.107470
W C 1693.0 1043.0 1291.0 1881.0 383.0 1458.0 1191.0 747.0
F 1465.054195 807.399008 2.202047
E 3.112368 20.828643 25.502890 0.082962
W C 1693.0 1043.0 1291.0 1881.0 383.0 1458.0 1191.0 747.0
F 1431.596556 840.285006 2.317257
E -3.027465 20.923429 24.285132 0.101339
W C 1693.0 1043.0 1291.0 1881.0 383.0 1458.0 1191.0 747.0
F 1396.738406 868.478254 2.395806
E -2.820898 21.050405 23.093384 0.095706
W C 1693.0 1043.0 1291.0 1881.0 383.0 1458.0 482.0 682.0 1191.0 747.0
F 1361.035743 895.580005 2.454197
E -2.452540 21.109614 23.376509 0.103606
W C 1291.0 1881.0 383.0 1458.0 482.0 682.0 1191.0 747.0
F 1356.174322 900.652742 2.452807
E -2.512359 20.711855 21.945011 0.082361
W C 1291.0 1881.0 383.0 1458.0 482.0 682.0 1191.0 747.0
F 1318.120876 930.342544 2.469614
E -0.647875 22.753118 20.387094 0.103802
W C 1291.0 1881.0 383.0 1458.0 482.0 682.0 1191.0 747.0
F 1281.588789 958.062429 2.483133
E -0.609347 24.733980 20.345026 0.112626
W C 1291.0 1881.0 383.0 1458.0 482.0 682.0
F 1245.438557 985.344040 2.488880
E -0.611630 26.465200 20.445048 0.113593
W C 1291.0 1881.0 383.0 1458.0 482.0 682.0
F 1243.975793 986.380276 2.488728
E -0.618365 25.864035 20.058987 0.089706
W C 1291.0 1881.0 383.0 1458.0 482.0 682.0
F 1207.685253 1013.868915 2.491272
E -0.621948 27.371981 19.995175 0.110181
W C 1291.0 1881.0 383.0 1458.0 482.0 682.0
F 1171.502516 1041.383974 2.491785
E -0.623335 28.685393 20.085382 0.113261
W C 1291.0 1881.0 383.0 1458.0 482.0 682.0
F 1135.387981 1069.247205 2.487034
E -0.623596 29.780080 20.228060 0.113594
W C 1291.0 1881.0 383.0 1458.0 482.0 682.0
F 1100.658202 1095.673596 2.490649
E -0.624026 30.682774 20.375462 0.113643
W C 1291.0 1881.0 383.0 1458.0 482.0 682.0
F 1066.600860 1121.623602 2.490953
E -0.622934 31.417967 20.510103 0.113686
W C 1291.0 1881.0 383.0 1458.0 482.0 682.0
F 1065.312604 1122.669339 2.489995
E -0.624592 30.331013 20.031203 0.089711
W C 1291.0 1881.0 383.0 1458.0 482.0 682.0
F 1029.915570 1149.727713 2.489924
E -0.623632 31.110003 19.965482 0.110805
W C 1291.0 1881.0 383.0 1458.0 482.0 682.0
F 994.646916 1176.762617 2.489412
E -0.621589 31.711396 20.037654 0.113438
W C 1291.0 1881.0 383.0 1458.0 482.0 682.0
F 959.256533 1202.620920 2.504288
E -0.603088 32.859144 20.358195 0.127974
W C 383.0 1458.0 482.0 682.0
F 959.689654 1203.062752 2.497905
E -0.614909 31.498015 19.769324 0.096352
W C 1291.0 1881.0 383.0 1458.0 482.0 682.0
F 923.430327 1230.534076 2.498375
E -0.592789 32.745832 19.892521 0.125259
W C 383.0 1458.0 482.0 682.0
F 892.040677 1254.605577 2.537369
E -0.573109 34.385345 20.049193 0.125544
W C 1291.0 1881.0 383.0 1458.0 482.0 682.0
F 861.584675 1272.215065 2.638198
E -0.526225 37.942686 20.154725 0.132874
W C 1291.0 1881.0 383.0 1458.0 482.0 682.0
F 838.436121 1283.370360 2.709892
E -0.490677 39.078437 20.079391 0.129119
W C 1291.0 1881.0 383.0 1458.0 482.0 682.0
F 838.207840 1280.130101 2.755746
E -0.492425 36.856291 19.615326 0.097266
W C 1291.0 1881.0 383.0 1458.0 482.0 682.0
F 806.984975 1281.880021 2.969102
E -0.432316 38.319245 19.555803 0.127810
W C 1291.0 1881.0 383.0 1458.0 482.0 682.0
F 775.194649 1278.720809 -3.115696
E -0.352461 40.082280 20.066753 0.146934
W C 383.0 1458.0 482.0 682.0
F 744.299108 1267.231938 -2.884066
E -0.259801 40.972413 21.039735 0.148909
W C 383.0 1458.0 482.0 682.0
F 743.909120 1265.266027 -2.851228
E -0.276629 39.324208 20.592764 0.115397
W C 383.0 1458.0 482.0 682.0
F 718.087697 1246.015025 -2.624499
E -0.146611 39.004614 22.318037 0.130318
W C 383.0 1458.0 482.0 682.0 1191.0 747.0
F 698.476732 1225.146784 -2.457015
E -0.028585 37.780109 24.044230 0.129355
W C 383.0 1458.0 482.0 682.0 1191.0 747.0
F 683.345085 1202.485709 -2.307300
E 0.104064 36.314376 25.629511 0.128975
W C 383.0 1458.0 482.0 682.0 1191.0 747.0
F 674.077112 1174.700395 -2.096627
E 0.266567 34.821767 26.844650 0.128039
W C 383.0 1458.0 482.0 682.0 1191.0 747.0
F 677.286355 1174.247792 -2.059882
E 0.223167 31.936505 25.729756 0.091356
W C 383.0 1458.0 482.0 682.0 1191.0 747.0 1693.0 1043.0
F 673.508044 1140.572384 -1.801910
E 0.703446 33.340636 27.318842 0.129056
W C 482.0 682.0 1191.0 747.0 1693.0 1043.0
F 671.975145 1109.327663 -1.663469
E 2.625493 27.618710 35.050472 0.131065
W C 482.0 682.0 1191.0 747.0 1693.0 1043.0
F 674.127268 1067.383563 -1.564256
E 2.747632 26.731667 35.062232 0.119813
W C 482.0 682.0 1191.0 747.0 1693.0 1043.0
F 680.097767 1065.592135 -1.492769
E 2.712855 25.744749 34.059835 0.095347
W C 482.0 682.0 1191.0 747.0 1693.0 1043.0
F 688.925574 1022.627968 -1.421227
E 2.824308 24.991669 33.822411 0.112993
W C 482.0 682.0 1191.0 747.0 1693.0 1043.0
F 702.468212 978.520924 -1.342899
E 2.892606 24.150136 33.359151 0.105214
W C 482.0 682.0 1805.0 190.0 1191.0 747.0 1693.0 1043.0
F 715.454517 937.903767 -1.309588
E 2.945889 23.456432 32.599302 0.104062
W C 482.0 682.0 1805.0 190.0 1191.0 747.0 1693.0 1043.0
F 727.562917 900.073665 -1.298336
E 2.983857 22.852062 31.580054 0.103321
W C 482.0 682.0 1805.0 190.0 1191.0 747.0 1693.0 1043.0
F 729.002941 896.892668 -1.298969
E 2.919654 21.981388 29.783306 0.081114
W C 482.0 682.0 1805.0 190.0 1191.0 747.0 1693.0 1043.0
F 741.405886 855.380740 -1.299271
E 2.984892 21.554064 29.045427 0.101342
W C 482.0 682.0 1805.0 190.0 1191.0 747.0 1693.0 1043.0
F 753.945188 813.180379 -1.300849
E 3.032702 21.298760 28.155159 0.103337
W C 482.0 682.0 1805.0 190.0 1191.0 747.0 1693.0 1043.0
F 766.015293 773.440572 -1.302660
E 3.077940 21.201876 27.191284 0.103594
W C 482.0 682.0 1805.0 190.0 1191.0 747.0 1693.0 1043.0
F 777.471823 738.350184 -1.303380
E 3.139100 21.254176 26.361880 0.104277
W C 482.0 682.0 1805.0 190.0 1191.0 747.0 1693.0 1043.0
F 778.349278 736.243590 -1.307662
E 3.081406 20.636689 24.267653 0.081043
W C 482.0 682.0 1805.0 190.0 1191.0 747.0 1693.0 1043.0
F 791.216174 696.474527 -1.278212
E -3.006698 20.762902 24.767149 0.106615
W C 482.0 682.0 1805.0 190.0 1191.0 747.0 1693.0 1043.0
F 806.077162 657.089137 -1.234650
E -2.859081 21.127873 25.391756 0.120347
W C 482.0 682.0 1805.0 190.0 1191.0 747.0
F 825.403035 616.045678 -1.149519
E -2.733599 21.729495 27.939357 0.139521
W C 1805.0 190.0 1191.0 747.0
F 826.992638 615.108914 -1.145923
E -2.749463 21.233848 27.474647 0.114128
W C 1805.0 190.0 1191.0 747.0
F 850.734935 575.801641 -1.054902
E -2.621635 21.592638 29.653258 0.140507
W C 1805.0 190.0 1191.0 747.0
F 876.477147 538.896976 -0.976245
E -2.509921 22.106860 31.492484 0.146067
W C 1805.0 190.0 1191.0 747.0
F 905.221603 504.776578 -0.889685
E -2.413010 22.643064 33.003286 0.147572
W C 1805.0 190.0 1191.0 747.0
F 906.589773 504.394790 -0.886854
E -2.442013 22.125520 32.031888 0.120517
W C 1805.0 190.0 1191.0 747.0
F 940.803104 472.453027 -0.780524
E -0.783787 33.391807 22.190743 0.129508
W C 1805.0 190.0 1693.0 1043.0 1191.0 747.0
F 976.305899 444.681008 -0.670351
E -0.691260 35.693279 22.300187 0.137315
W C 1805.0 190.0 1693.0 1043.0 1191.0 747.0
F 1011.614637 421.642901 -0.573255
E -0.606216 37.342435 22.407828 0.137886
W C 1805.0 190.0 1693.0 1043.0 1191.0 747.0
F 1048.556899 404.772133 -0.452452
E -0.539203 37.777663 22.434665 0.134077
W C 1805.0 190.0 1693.0 1043.0 1191.0 747.0
F 1051.909504 405.089892 -0.434275
E -0.568988 36.010725 21.908751 0.106501
W C 1805.0 190.0 1693.0 1043.0 1191.0 747.0
F 1092.893333 394.097375 -0.301724
E -0.486773 36.213322 21.819084 0.128375
W C 1805.0 190.0 1693.0 1043.0 1191.0 747.0
F 1133.106101 387.780635 -0.187757
E -0.403947 36.137625 21.879848 0.129801
W C 1805.0 190.0 1693.0 1043.0 1191.0 747.0
F 1170.914502 384.242891 -0.105406
E -0.314878 36.066052 22.023660 0.130516
W C 1805.0 190.0 1693.0 1043.0 1191.0 747.0
F 1212.973651 386.239372 -0.009355
E -0.249211 35.213601 22.043984 0.123363
W C 1805.0 190.0 1693.0 1043.0 1191.0 747.0
F 1216.462104 390.439147 0.039636
E -0.284671 33.357013 21.308711 0.093794
W C 1805.0 190.0 1693.0 1043.0 1291.0 1881.0 1191.0 747.0
F 1262.198419 396.770322 0.092480
E -0.203884 32.772354 21.274921 0.115607
W C 1805.0 190.0 1693.0 1043.0 1191.0 747.0
F 1306.570126 406.249021 0.152048
E -0.134879 32.259379 21.309226 0.117922
W C 1805.0 190.0 1693.0 1043.0 1191.0 747.0
F 1347.826696 417.651522 0.208849
E -0.070428 32.676545 21.326804 0.114556
W C 1805.0 190.0 1693.0 1043.0 1291.0 1881.0
F 1348.658182 418.702546 0.218024
E -0.090231 31.787855 20.869120 0.096337
W C 1805.0 190.0 1693.0 1043.0
F 1391.183702 430.136081 0.235280
E -0.030661 32.332855 20.743090 0.111943
W C 1805.0 190.0 1693.0 1043.0 1291.0 1881.0
F 1433.207092 441.476486 0.241136
E 0.008418 32.654725 20.668581 0.113199
W C 1805.0 190.0 1693.0 1043.0 1291.0 1881.0
F 1475.247850 451.643199 0.235313
E 0.030855 32.921969 20.757767 0.126128
W C 1805.0 190.0 1693.0 1043.0
F 1513.523328 462.035378 0.240295
E 0.044409 32.845641 20.755124 0.115282
W C 1805.0 190.0 1693.0 1043.0 1291.0 1881.0
F 1514.567510 462.253795 0.239343
E 0.026041 31.405436 20.244560 0.096408
W C 1805.0 190.0 1693.0 1043.0
F 1559.747948 473.058345 0.236429
E 0.036474 31.516517 20.212304 0.123236
W C 1805.0 190.0 1693.0 1043.0
F 1601.371303 483.347290 0.262004
E 0.042679 31.678370 20.479928 0.132715
W C 1805.0 190.0 1693.0 1043.0
F 1639.025899 494.525196 0.292546
E 0.058961 31.448664 20.778084 0.120458
W C 1805.0 190.0 1693.0 1043.0 1291.0 1881.0
F 1639.640817 496.851706 0.310252
E 0.035223 29.401181 20.128420 0.093051
W C 1805.0 190.0 1693.0 1043.0 1291.0 1881.0
F 1679.304366 515.339044 0.399197
E 0.089715 29.441131 20.395319 0.116919
W C 1805.0 190.0 1693.0 1043.0 1291.0 1881.0
F 1718.639325 538.304134 0.493124
E 0.161234 29.328804 20.982506 0.120513
W C 1805.0 190.0 1693.0 1043.0 1291.0 1881.0
F 1752.916955 559.179808 0.533776
E 0.238495 29.272526 21.965664 0.136939
W C 1805.0 190.0 1693.0 1043.0
F 1752.933214 559.372283 0.534091
E 0.282992 28.693338 21.599723 0.120632
W C 1693.0 1043.0
F 1788.731490 587.833991 0.668437
E 0.491986 31.982231 22.557951 0.148945
W C 1693.0 1043.0 383.0 1458.0
F 1819.817117 619.767304 0.800140
E 0.671694 35.226879 23.351664 0.155762
W C 1693.0 1043.0 383.0 1458.0
F 1846.181461 651.460743 0.890979
E 2.378096 23.804720 37.418299 0.154069
W C 1693.0 1043.0 383.0 1458.0
F 1868.531061 687.043483 0.993193
E 2.488115 24.032630 38.648306 0.149097
W C 1693.0 1043.0 383.0 1458.0
F 1868.055710 687.510827 0.998611
E 2.490141 23.532021 38.339312 0.134659
W C 1693.0 1043.0
F 1888.442290 729.724850 1.070929
E 2.602791 23.539463 39.083726 0.141297
W C 1693.0 1043.0 383.0 1458.0
F 1905.850732 772.129819 1.130701
E 2.707411 23.594176 39.678531 0.142317
W C 1693.0 1043.0 383.0 1458.0
F 1919.550191 818.097757 1.236885
E 2.789334 23.415195 39.595577 0.129449
W C 1291.0 1881.0 1693.0 1043.0 383.0 1458.0
F 1932.987312 864.057525 1.288099
E 2.877337 23.160326 39.280619 0.129739
W C 1291.0 1881.0 1693.0 1043.0 383.0 1458.0
F 1934.506866 870.048791 1.289504
E 2.876920 22.677817 37.617992 0.112926
W C 1291.0 1881.0 1693.0 1043.0
F 1942.923104 919.817371 1.387016
E 2.980210 22.429119 37.848123 0.146316
W C 1291.0 1881.0 1693.0 1043.0
F 1946.806117 969.407157 1.477988
E 3.094365 22.442715 37.687129 0.153421
W C 1291.0 1881.0 1693.0 1043.0
F 1946.406720 1014.318949 1.556614
E -3.077959 22.434129 36.634133 0.136664
W C 1291.0 1881.0 1693.0 1043.0 482.0 682.0
F 1945.086449 1022.055357 1.569744
E -3.093204 21.889493 33.885608 0.109338
W C 1291.0 1881.0 383.0 1458.0 1693.0 1043.0
F 1940.458034 1071.144393 1.655955
E -2.967687 21.874641 34.419823 0.148889
W C 383.0 1458.0 1693.0 1043.0
F 1930.397148 1116.665092 1.756355
E -2.915252 22.259923 35.291845 0.142069
W C 1291.0 1881.0 383.0 1458.0
F 1917.018869 1161.855225 1.842387
E -2.883167 22.780554 36.644075 0.140665
W C 1291.0 1881.0 383.0 1458.0
F 1901.505780 1204.276333 1.915980
E -2.856770 23.258310 37.815383 0.138842
W C 1291.0 1881.0 383.0 1458.0
F 1898.273456 1206.568348 1.933908
E -2.879124 22.552725 37.111606 0.102706
W C 1291.0 1881.0 383.0 1458.0 482.0 682.0
F 1875.063401 1248.971289 2.038657
E -2.837545 22.588013 38.291193 0.119771
W C 1291.0 1881.0 383.0 1458.0 482.0 682.0
F 1851.285912 1288.702910 2.100719
E -2.784371 22.598260 39.124994 0.112343
W C 1291.0 1881.0 383.0 1458.0 482.0 682.0 1191.0 747.0
F 1824.960959 1325.797261 2.173312
E -2.732654 22.575724 39.706266 0.111368
W C 1291.0 1881.0 383.0 1458.0 482.0 682.0 1191.0 747.0
F 1822.041161 1327.022651 2.190014
E -2.747800 21.925101 38.673465 0.086843
W C 1291.0 1881.0 383.0 1458.0 482.0 682.0 1191.0 747.0
F 1790.739438 1361.617841 2.283808
E -2.687235 21.829594 39.171871 0.109095
W C 1291.0 1881.0 383.0 1458.0 482.0 682.0 1191.0 747.0
F 1756.430294 1393.532165 2.376096
E -2.627412 21.864062 39.490904 0.110635
W C 1291.0 1881.0 383.0 1458.0 482.0 682.0 1191.0 747.0
F 1722.129427 1422.199036 2.441118
E -2.568412 21.931816 39.632090 0.110291
W C 1291.0 1881.0 383.0 1458.0 482.0 682.0 1191.0 747.0
F 1687.337013 1447.757275 2.504892
E -2.513159 21.946155 39.641220 0.109673
W C 1291.0 1881.0 383.0 1458.0 482.0 682.0 1191.0 747.0
F 1684.860516 1447.801131 2.523688
E -2.529834 21.303274 38.388735 0.085435
W C 1291.0 1881.0 383.0 1458.0 482.0 682.0 1191.0 747.0
F 1645.292449 1470.173664 2.605394
E -2.471411 21.212455 38.276822 0.105384
W C 1291.0 1881.0 383.0 1458.0 482.0 682.0 1191.0 747.0
F 1603.418679 1490.265269 2.659275
E -2.421565 21.150226 37.964629 0.104949
W C 1291.0 1881.0 383.0 1458.0 482.0 682.0 1191.0 747.0
F 1564.017407 1508.913057 2.679937
E -2.376490 21.064153 37.610677 0.104486
W C 1291.0 1881.0 383.0 1458.0 482.0 682.0 1191.0 747.0
F 1562.687454 1509.342430 2.680336
E -2.394105 20.441288 36.281698 0.082090
W C 1291.0 1881.0 383.0 1458.0 482.0 682.0 1191.0 747.0
F 1522.237632 1529.150818 2.676640
E -0.758736 36.957789 20.636800 0.112825
W C 383.0 1458.0 482.0 682.0 1191.0 747.0
F 1482.920291 1548.388656 2.682198
E -0.728486 36.516961 20.463111 0.104486
W C 1291.0 1881.0 383.0 1458.0 482.0 682.0 1191.0 747.0
F 1443.232445 1568.029676 2.681128
E -0.708942 36.012142 20.173034 0.103228
W C 1291.0 1881.0 383.0 1458.0 482.0 682.0 1191.0 747.0
F 1403.435321 1586.450878 2.696715
E -0.656992 36.849038 20.502536 0.116230
W C 383.0 1458.0 482.0 682.0 1191.0 747.0
F 1403.004970 1587.065309 2.687189
E -0.659287 36.332657 20.084264 0.093707
W C 383.0 1458.0 482.0 682.0 1191.0 747.0
F 1362.423746 1605.708262 2.719266
E -0.592087 37.576822 20.465109 0.120223
W C 383.0 1458.0 482.0 682.0 1191.0 747.0
F 1322.983545 1621.646364 2.767183
E -0.530866 38.689497 20.946538 0.123761
W C 383.0 1458.0 482.0 682.0 1191.0 747.0
F 1281.670291 1634.654108 2.836660
E -0.470806 39.749423 21.450489 0.124958
W C 383.0 1458.0 482.0 682.0 1191.0 747.0
F 1281.553260 1634.045185 2.843764
E -0.481491 39.079236 20.889914 0.098885
W C 383.0 1458.0 482.0 682.0 1191.0 747.0
F 1236.817832 1641.576531 2.950115
E -0.417532 39.987642 21.197157 0.121891
W C 383.0 1458.0 482.0 682.0 1191.0 747.0
F 1193.323553 1646.624637 3.011527
E -0.358878 40.430369 21.591163 0.121588
W C 383.0 1458.0 482.0 682.0 1191.0 747.0
F 1149.781288 1648.680342 3.056580
E -0.304347 40.708356 21.948056 0.119434
W C 383.0 1458.0 482.0 682.0 1191.0 747.0
F 1106.795984 1650.837877 3.076379
E -0.252830 40.921773 22.225203 0.118677
W C 383.0 1458.0 482.0 682.0 1191.0 747.0
F 1107.239552 1650.767784 3.076545
E -0.262188 40.045330 21.639712 0.095424
W C 383.0 1458.0 482.0 682.0 1191.0 747.0
F 1062.969005 1654.111401 3.070798
E -0.210387 40.351108 21.690889 0.115298
W C 383.0 1458.0 482.0 682.0 1191.0 747.0
F 1019.838602 1656.701936 3.079407
E -0.163596 40.700209 21.794402 0.118252
W C 383.0 1458.0 482.0 682.0 1191.0 747.0
F 977.275618 1659.197921 3.086541
E -0.119643 41.047865 21.890415 0.118681
W C 383.0 1458.0 482.0 682.0 1191.0 747.0
F 977.024743 1660.334692 3.073785
E -0.128770 40.104209 21.305303 0.095502
W C 383.0 1458.0 482.0 682.0 1191.0 747.0
F 932.786441 1663.657639 3.074283
E -0.085905 40.615814 21.214717 0.116089
W C 383.0 1458.0 482.0 682.0 1191.0 747.0
F 889.147014 1667.907665 3.060940
E -0.052655 41.163503 21.333191 0.129456
W C 383.0 1458.0 482.0 682.0
F 845.355609 1671.721035 3.062160
E -0.021637 41.750618 21.511405 0.132454
W C 383.0 1458.0 482.0 682.0
F 845.537879 1672.381170 3.056627
E -0.032004 40.880415 20.948106 0.108472
W C 383.0 1458.0 482.0 682.0
F 800.826544 1677.169674 3.047063
E -0.000710 41.561615 20.906127 0.129154
W C 383.0 1458.0 482.0 682.0
F 757.424531 1681.135666 3.053982
E 0.031549 42.238212 20.991404 0.133265
W C 383.0 1458.0 482.0 682.0
F 713.918325 1685.064676 3.059676
E 0.066994 42.910448 21.083632 0.134567
W C 383.0 1458.0 482.0 682.0
F 673.226239 1687.676703 3.075759
E 0.104681 43.475825 21.088080 0.134438
W C 383.0 1458.0 482.0 682.0
F 667.634895 1689.282046 3.069382
E 0.106107 42.616968 20.469833 0.112426
W C 383.0 1458.0 482.0 682.0
F 666.928418 1690.967345 3.054523
E 0.099286 41.746820 20.021758 0.099443
W C 383.0 1458.0 482.0 682.0
F 666.350734 1691.975695 3.046889
E 0.092750 40.935006 19.687368 0.091009
W C 383.0 1458.0 482.0 682.0
F 665.854137 1692.703506 3.042177
E 0.086434 40.175087 19.409703 0.084978
W C 383.0 1458.0 482.0 682.0
F 665.307279 1693.226872 3.039175
E 0.080312 39.461662 19.165452 0.080389
W C 383.0 1458.0 482.0 682.0
F 664.803925 1693.694565 3.037141
E 0.074380 38.790055 18.943151 0.076743
W C 383.0 1458.0 482.0 682.0
F 664.324080 1694.099471 3.035747
E 0.068626 38.156244 18.736607 0.073751
W C 383.0 1458.0 482.0 682.0
F 663.883329 1694.458922 3.034767
E 0.063043 37.556710 18.542083 0.071234
W C 383.0 1458.0 482.0 682.0
