F 1850.000000 1897.000000 3.717551
D C 364.9 -287.9 1415.4 -461.6 1742.8 248.9 1129.7 565.4 538.4 591.2 896.5 1317.5
W C 1387.2 1939.7 411.5 1513.2 523.9 739.0 1210.5 807.6 1720.5 1107.9 1815.7 303.8
F 1850.000000 1897.000000 3.717551
D C 366.0 -288.8 1416.7 -462.0 1741.8 248.8 1129.9 565.4 540.6 593.7 897.6 1319.0
W C 1385.7 1939.9 410.2 1512.9 524.7 739.7 1210.4 807.4 1720.0 1104.7 1815.6 301.9
F 1850.000000 1897.000000 3.717551
D C 366.2 -289.0 1418.2 -462.5 1741.8 248.8 1131.1 566.1 541.5 594.6 900.0 1322.6
W C 1385.4 1939.9 408.7 1512.5 524.7 739.7 1209.7 806.2 1719.8 1103.4 1815.5 297.7
F 1850.000000 1897.000000 3.717551
D C 366.2 -288.9 1417.4 -462.3 1737.0 248.1 1129.5 565.3 540.5 593.6 896.8 1317.9
W C 1385.5 1939.9 409.5 1512.7 528.4 742.9 1210.6 807.7 1720.0 1104.8 1815.7 303.2
F 1850.000000 1897.000000 3.717551
D C 365.1 -288.1 1419.4 -462.9 1739.8 248.5 1128.6 564.8 537.0 589.7 898.0 1319.6
W C 1386.9 1939.8 407.5 1512.2 526.2 741.0 1211.1 808.7 1720.8 1110.0 1815.6 301.2
F 1850.000000 1897.000000 3.717551
D C 365.1 -288.1 1413.4 -460.9 1740.2 248.6 1129.9 565.5 538.2 591.0 896.5 1317.5
W C 1386.8 1939.8 413.6 1513.8 525.9 740.7 1210.3 807.3 1720.5 1108.2 1815.7 303.8
F 1850.000000 1897.000000 3.717551
D C 364.7 -287.8 1418.5 -462.6 1734.9 247.8 1132.6 566.8 539.8 592.8 897.2 1318.4
W C 1387.3 1939.7 408.4 1512.4 530.0 744.3 1208.8 804.7 1720.2 1105.8 1815.6 302.7
F 1850.000000 1897.000000 3.717551
D C 364.9 -287.9 1417.5 -462.3 1738.0 248.2 1131.9 566.5 540.7 593.8 897.5 1318.9
W C 1387.1 1939.8 409.4 1512.7 527.6 742.2 1209.2 805.5 1719.9 1104.5 1815.6 302.1
F 1850.000000 1897.000000 3.717551
D C 365.2 -288.2 1416.6 -462.0 1739.8 248.5 1132.5 566.8 539.6 592.6 898.1 1319.8
W C 1386.7 1939.8 410.4 1512.9 526.2 741.0 1208.9 804.8 1720.2 1106.2 1815.6 300.9
F 1850.000000 1897.000000 3.717551
D C 365.8 -288.6 1417.7 -457.6 1739.7 248.5 1129.9 565.5 539.5 592.4 897.2 1318.4
W C 1386.0 1939.9 411.8 1508.6 526.3 741.1 1210.3 807.3 1720.2 1106.3 1815.6 302.7
F 1850.000000 1897.000000 3.717551
D C 364.1 -287.3 1419.0 -462.8 1739.0 248.4 1133.0 567.0 539.7 592.7 898.8 1320.8
W C 1388.2 1939.7 407.9 1512.3 526.9 741.6 1208.6 804.4 1720.2 1106.0 1815.6 299.8
F 1850.000000 1897.000000 3.717551
D C 364.5 -287.7 1416.9 -462.1 1743.3 249.0 1132.5 566.8 539.1 592.1 896.9 1318.1
W C 1387.6 1939.7 410.0 1512.8 523.6 738.7 1208.9 804.8 1720.3 1106.8 1815.7 303.1
F 1850.000000 1897.000000 3.717551
D C 365.0 -288.0 1423.0 -464.1 1741.8 248.8 1130.1 565.6 541.0 594.1 897.9 1319.5
W C 1387.0 1939.8 403.8 1511.2 524.7 739.7 1210.2 807.2 1719.9 1104.1 1815.6 301.4
F 1829.218582 1883.504389 3.717551
D C 365.2 -288.2 1416.0 -461.8 1740.2 248.6 1131.2 566.1 539.4 592.4 896.8 1317.9
W C 1366.0 1926.3 390.1 1499.6 505.1 727.3 1188.9 792.7 1699.5 1092.9 1794.9 289.7
F 1792.046186 1859.364353 3.717551
D C 352.2 -286.8 1402.9 -457.5 1715.5 250.4 1074.3 550.0 518.5 594.6 878.1 1325.0
W C 1340.5 1908.1 366.2 1479.0 489.7 715.0 1190.7 813.0 1681.0 1078.3 1777.3 269.9
F 1754.377225 1835.027943 3.715534
D C 313.8 -287.5 1365.2 -463.9 1681.8 240.2 1048.8 549.2 488.9 592.9 846.9 1321.6
W C 1334.7 1906.1 356.0 1483.3 472.5 720.2 1171.8 804.4 1665.7 1071.7 1760.7 265.4
F 1716.570049 1810.583969 3.715534
D C 279.2 -282.2 1324.1 -454.4 1640.5 244.6 1000.7 547.8 445.3 586.2
W C 1328.9 1896.0 357.9 1473.3 471.7 714.5 1173.6 807.3 1660.9 1076.5
F 1716.570049 1810.583969 3.715534
D C 260.9 -280.4 1277.2 -447.1 1622.9 242.0 985.4 543.3 432.6 584.3
W C 1345.2 1904.4 401.3 1492.6 485.1 726.2 1184.1 819.3 1670.5 1085.0
F 1679.055951 1786.329483 3.715534
D C 216.5 -277.0 1229.1 -443.0 1564.3 248.0 933.0 544.7 379.5 588.2
W C 1346.9 1901.4 406.3 1491.0 500.0 728.7 1191.3 822.4 1679.7 1086.3
F 1641.452810 1761.891493 3.717551
D C 187.9 -278.9 1197.8 -440.1 1532.9 243.0 902.1 541.6 348.6 590.7
W C 1332.0 1893.4 397.2 1478.6 488.2 723.2 1179.9 816.4 1670.9 1076.6
F 1603.783849 1737.555083 3.715534
D C 155.6 -276.2 1169.5 -441.9 1500.5 242.6 873.3 546.4 318.8 593.1
W C 1323.1 1885.0 381.8 1473.7 475.4 719.1 1167.1 804.5 1658.1 1066.4
F 1566.180708 1713.117092 3.717551
D C 124.8 -274.1 1131.1 -439.3 1466.0 246.2 832.9 546.4 280.4 594.1
W C 1312.2 1875.1 378.3 1465.5 470.8 708.2 1165.3 801.3 1654.5 1062.1
F 1566.180708 1713.117092 3.717551
D C 113.1 -277.2 1117.5 -438.0 1443.4 251.6 818.1 551.1 264.3 597.6
W C 1320.4 1884.0 390.4 1471.8 492.7 716.0 1180.3 805.4 1669.9 1068.0
F 1528.511747 1688.780682 3.715534
D C 67.3 -274.8 1066.3 -436.9 1395.6 247.7 770.4 547.0 214.8 601.8
W C 1322.8 1883.0 395.8 1476.7 491.0 723.0 1178.6 811.2 1674.9 1066.8
F 1490.908606 1664.342692 3.717551
D C 1026.6 -435.5 1364.7 246.5 735.6 539.4 184.2 595.6
W C 392.7 1470.4 480.6 714.4 1167.8 811.3 1660.8 1064.5
F 1490.908606 1664.342692 3.717551
D C 997.1 -433.8 1324.9 251.9 698.2 545.7 146.0 600.5
W C 418.5 1485.1 516.9 731.5 1202.6 826.4 1695.5 1081.2
F 1453.239645 1640.006281 3.715534
D C 958.2 -434.5 1292.7 249.9 666.4 544.3 474.7 1317.1 112.0 603.8
W C 412.7 1484.6 503.4 728.3 1189.1 821.1 1769.7 276.2 1687.1 1072.1
F 1415.636504 1615.568291 3.717551
D C -47.4 -285.1 925.1 -422.9 1257.2 251.0 631.5 545.5 438.5 1317.1 81.6 604.0
W C 1300.2 1880.5 409.5 1466.4 498.0 720.3 1183.2 814.1 1765.2 272.1 1676.2 1064.6
F 1377.967543 1591.231880 3.715534
D C -78.6 -288.4 896.0 -426.3 1220.4 251.5 601.9 546.3 407.1 1316.5 48.0 606.7
W C 1287.4 1876.1 394.0 1462.8 489.7 717.5 1169.2 805.6 1750.9 264.6 1667.0 1055.6
F 1340.364402 1566.793890 3.717551
D C 848.2 -429.4 1172.2 252.8 550.1 540.9 358.9 1316.4 -4.2 609.6
W C 395.2 1465.0 495.0 716.3 1173.6 813.5 1756.3 267.3 1675.9 1057.9
F 1302.695441 1542.457480 3.715534
D C 833.9 -428.6 1149.7 255.4 535.0 545.7 342.8 1320.9 -21.1 610.9
W C 369.7 1449.6 475.9 703.8 1149.7 793.7 1732.0 247.1 1652.1 1040.9
F 1302.695441 1542.457480 3.715534
D C 801.3 -430.7 1119.8 252.3 506.2 542.3 317.0 1321.4 -51.5 614.4
W C 395.9 1469.1 499.4 722.6 1172.1 812.2 1753.9 260.7 1679.5 1054.4
F 1265.092300 1518.019489 3.717551
D C 743.2 -420.3 1069.2 254.8 450.7 543.2 262.7 1326.0 -104.8 612.2
W C 412.9 1465.7 507.1 722.0 1182.9 817.0 1767.0 262.8 1686.4 1061.7
F 1227.423339 1493.683079 3.715534
D C 724.6 -421.6 1054.6 251.3 437.8 541.0 248.2 1316.0 -122.5 613.4
W C 390.0 1454.3 478.2 710.1 1153.5 801.7 1733.5 253.8 1663.4 1045.1
F 1189.616162 1469.239105 3.715534
D C 681.4 -422.0 1006.0 252.8 390.4 541.0 199.3 1322.5 -167.7 618.9
W C 388.3 1453.7 482.1 710.7 1155.5 803.0 1740.3 250.4 1666.4 1040.6
F 1189.616162 1469.239105 3.715534
D C 664.2 -417.0 990.9 255.5 375.1 544.0 182.3 1319.4 -184.1 619.0
W C 405.4 1458.8 496.2 716.7 1170.0 808.8 1752.9 262.3 1680.3 1049.4
F 1152.102065 1444.984619 3.715534
D C 632.6 -416.4 954.7 261.8 340.5 546.0 145.9 1324.3
W C 394.7 1451.2 492.5 706.8 1162.6 801.6 1748.6 253.7
F 1114.498924 1420.546629 3.717551
D C 600.0 -416.4 924.3 259.6 313.0 545.7 117.1 1324.1
W C 384.5 1443.0 480.7 699.4 1149.2 792.4 1737.4 246.3
F 1076.829963 1396.210219 3.715534
D C 565.1 -415.8 892.5 259.6 281.0 546.6 85.1 1335.0
W C 376.5 1438.5 468.2 693.7 1137.7 784.6 1730.2 228.9
F 1039.022786 1371.766245 3.715534
D C 518.1 -408.9 845.8 268.6 232.5 552.9 27.6 1332.7
W C 381.9 1433.8 474.6 687.0 1144.0 781.2 1739.4 237.6
F 1039.022786 1371.766245 3.715534
D C 506.2 -414.8 830.8 263.9 219.6 550.2 23.5 1330.5
W C 388.8 1445.3 484.6 699.1 1153.4 790.5 1741.7 241.7
F 1001.508689 1347.511759 3.715534
D C 477.6 -411.3 797.6 264.2 186.2 548.0 -17.4 1336.7
W C 377.1 1433.6 475.1 692.6 1142.7 786.3 1741.9 234.5
F 963.905548 1323.073769 3.717551
D C 442.9 -413.4 768.5 265.0 157.6 551.3 -42.1 1337.7
W C 367.3 1428.5 463.7 682.2 1132.0 774.9 1727.8 224.1
F 926.236587 1298.737358 3.715534
D C 412.3 -411.7 732.1 265.1 123.6 552.2 -83.4 1341.0
W C 356.4 1420.6 455.4 678.6 1122.3 768.0 1724.4 217.9
F 926.236587 1298.737358 3.715534
D C 396.0 -412.7 718.6 267.7 109.5 552.9 -99.9 1340.5
W C 369.6 1430.3 468.2 683.8 1134.4 774.9 1737.9 227.3
F 888.633446 1274.299368 3.717551
D C 351.1 -414.0 669.9 270.9 62.8 555.0 -150.2 1344.9
W C 368.7 1430.3 474.3 682.3 1138.2 774.6 1747.1 228.2
F 850.964485 1249.962958 3.715534
D C 320.9 -415.8 639.9 270.2 31.9 553.6 -180.6 1353.2
W C 355.8 1424.9 460.3 675.6 1124.8 767.8 1737.4 211.6
F 813.157308 1225.518984 3.715534
D C 291.5 -415.9 612.0 274.1 1.3 557.3 -209.2 1346.5
W C 342.6 1416.5 448.0 663.1 1114.7 756.8 1719.9 208.4
F 775.057053 1200.885522 3.715534
D C 259.1 -419.8 579.9 274.8 -29.7 560.6
W C 329.6 1412.7 437.3 655.2 1104.4 746.2
F 775.057053 1200.885522 3.715534
D C 214.4 -418.7 534.3 275.6 -76.7 561.9
W C 367.7 1436.1 476.0 679.3 1144.6 770.7
F 737.453912 1176.447532 3.717551
D C 201.0 -417.5 520.5 278.7 -95.3 567.1
W C 341.5 1417.1 452.7 659.2 1126.2 752.7
F 699.784951 1152.111121 3.715534
D C 156.5 -420.1 471.2 282.9 -139.0 568.0
W C 340.3 1419.9 457.7 658.7 1124.9 750.6
F 662.181810 1127.673131 3.717551
D C 142.9 -418.5 452.7 285.2 -155.2 572.6
W C 314.4 1400.8 437.8 641.9 1104.2 731.9
F 662.181810 1127.673131 3.717551
D C 110.2 -416.7 423.6 285.4
W C 342.9 1417.1 462.4 657.7
F 624.512849 1103.336720 3.715534
D C 66.5 -419.3 375.4 287.9
W C 341.0 1419.4 465.6 657.7
F 586.909708 1078.898730 3.717551
D C 49.9 -423.1 356.3 291.0
W C 314.7 1406.6 446.6 640.8
F 549.240747 1054.562319 3.715534
D C 4.2 -422.5 309.2 293.0
W C 316.3 1407.1 448.7 640.6
F 549.240747 1054.562319 3.715534
D C -11.4 -425.9 290.8 293.1
W C 327.6 1418.4 464.1 650.5
F 511.637606 1030.124329 3.717551
D C -39.0 -426.5 257.8 295.7
W C 312.1 1409.1 456.4 641.7
F 473.968645 1005.787919 3.715534
D C -86.6 -430.1 204.9 297.1
W C 313.2 1414.0 463.3 645.0
F 436.713698 980.819468 3.729655
D C -102.3 -432.3 187.1 295.9
W C 282.0 1397.3 445.2 630.9
F 402.343132 952.460721 3.816401
D C -146.8 -436.5 137.0 299.6
W C 244.3 1385.0 482.6 633.0
F 402.343132 952.460721 3.816401
D C -165.7 -434.5 126.2 295.0
W C 260.3 1395.3 488.1 643.3
F 370.092581 920.964099 3.901129
D C 111.4 279.3
W C 481.6 641.7
F 340.822730 886.905449 3.987875
D C 87.3 262.1 -513.4 1503.6
W C 479.3 647.8 1807.0 274.8
F 314.639543 850.638495 4.072603
D C 78.5 256.7 -485.0 1510.9
W C 473.7 634.4 1816.3 337.7
F 291.619447 812.285838 4.157332
D C 53.9 237.6 -385.1 1552.8
W C 465.2 641.2 1814.3 321.3
F 291.619447 812.285838 4.157332
D C 44.0 233.1 -357.2 1562.8
W C 466.6 652.1 1808.1 292.3
F 272.106573 772.225857 4.244077
D C 28.3 225.5 -276.6 1587.1
W C 460.5 645.1 1813.2 302.7
F 255.850072 729.990246 4.330823
D C 12.0 220.5
W C 456.0 636.7
F 243.661126 687.492412 4.417569
D C -3.5 218.5
W C 453.7 627.4
F 234.820006 643.469119 4.500280
D C -31.5 220.8
W C 457.3 627.8
F 234.820006 643.469119 4.500280
D C
W C
F 233.547003 597.740519 4.659650
D C 122.1 1605.2
W C 1830.1 391.1
F 240.148371 553.491217 4.831124
D C 253.5 1583.1
W C 1842.1 489.3
F 253.455332 511.537974 4.990494
D C 310.7 1567.9
W C 1846.4 643.3
F 253.455332 511.537974 4.990494
D C 493.5 1497.5 -73.5 911.2
W C 1828.9 448.1 1109.5 832.4
F 271.151887 474.358607 5.125655
D C 546.3 1473.2 -45.1 905.1
W C 1839.7 565.6 1081.9 879.2
F 294.358271 439.079705 5.264852
D C 718.3 1366.3 51.8 899.4 -70.7 1510.6
W C 1834.4 544.7 1087.1 867.0 1543.1 1292.0
F 321.508069 407.675056 5.395979
D C 821.0 1281.3 108.2 882.4
W C 1833.4 580.3 1074.0 881.1
F 321.508069 407.675056 5.395979
D C 865.4 1230.7 138.0 879.0
W C 1822.2 514.0 1090.2 855.9
F 352.483484 380.290608 5.529124
D C 990.5 1087.7 221.3 842.1
W C 1819.1 495.1 1090.3 842.6
F 385.916038 357.217069 5.650164
D C 1034.3 1035.8 249.3 824.2
W C 1832.5 580.5 1074.5 874.2
F 423.867945 338.298900 5.791378
D C 1117.9 868.2 321.9 778.7
W C 1819.3 575.8 1075.3 872.7
F 463.318915 324.814480 5.924522
D C 1169.4 756.9 368.4 738.9
W C 1824.0 623.1 1067.6 887.4
F 463.318915 324.814480 5.924522
D C 1186.4 692.7 388.9 718.3
W C 1817.4 556.9 1079.6 860.9
F 503.876823 316.787003 6.057667
D C 1228.1 496.6 441.6 640.4
W C 1811.9 526.2 1077.5 842.2
F 545.508000 314.363018 6.194846
D C 1241.8 441.1 458.4 619.1
W C 1821.4 644.2 1056.8 890.6
F 587.085373 317.450194 0.044805
D C 1244.9 232.8 503.6 533.0
W C 1820.3 605.7 1066.3 872.5
F 587.085373 317.450194 0.044805
D C 1219.6 102.2 521.9 470.9
W C 1800.9 474.2 1087.4 811.2
F 631.446904 321.021608 0.075065
D C 1209.0 41.7 528.2 442.3 598.4 1583.6
W C 1833.9 453.3 1125.0 801.7 1109.4 1945.0
F 676.159090 324.490320 0.077083
D C 1155.2 -77.2 513.9 389.1 -227.3 1102.7
W C 1833.8 336.5 1158.5 752.0 364.7 1406.5
F 720.880476 327.838341 0.075065
D C 1138.0 -104.2 504.8 377.4 -217.7 1107.8
W C 1863.5 309.3 1196.0 742.0 420.7 1416.2
F 765.078658 331.162342 0.075065
D C 1079.7 -145.8 471.7 359.5 -234.2 1119.0
W C 1852.7 266.7 1208.5 725.0 447.6 1429.4
F 765.078658 331.162342 0.075065
D C 1061.5 -150.0 458.2 358.1 -251.2 1114.9
W C 1834.9 261.2 1195.1 722.7 430.9 1424.1
F 809.790844 334.631054 0.077083
D C 1016.0 -149.9 411.8 358.0 -302.9 1118.1
W C 1834.3 263.4 1192.8 723.2 421.6 1426.1
F 854.678159 338.097961 0.077083
D C 985.4 -154.7 381.6 355.0 618.0 1482.2 -325.8 1120.5
W C 1849.1 259.7 1207.8 721.5 1356.7 1863.5 443.5 1430.2
F 899.913437 341.591744 0.077083
D C 965.4 -154.6 363.7 357.6 -338.5 1125.2
W C 1874.4 261.8 1235.0 726.1 475.8 1437.4
F 944.634822 344.939765 0.075065
D C 920.6 -156.1 865.4 667.9 316.4 356.2 -393.2 1128.9
W C 1874.3 258.3 1757.5 1075.9 1233.5 723.9 467.9 1441.1
F 944.634822 344.939765 0.075065
D C 887.6 -156.1 828.7 664.3 284.4 355.9
W C 1841.5 255.8 1721.2 1069.5 1201.6 721.2
F 989.347008 348.408477 0.077083
D C 850.6 -157.7 797.1 663.4 250.3 355.9
W C 1849.6 256.7 1733.0 1071.2 1211.5 722.6
F 1033.538395 351.821634 0.077083
D C 818.5 -162.2 765.7 657.4 220.1 357.8
W C 1862.1 253.2 1746.3 1066.2 1225.4 725.5
F 1078.425709 355.288541 0.077083
D C 802.3 -166.7 749.5 655.6 206.9 358.1
W C 1891.2 250.9 1775.2 1066.6 1257.1 728.2
F 1078.425709 355.288541 0.077083
D C 758.5 -167.3 700.8 660.0 156.1 358.9
W C 1847.6 246.9 1726.3 1067.3 1206.5 725.1
F 1122.965060 358.728573 0.077083
D C 739.3 -167.8 679.8 660.2 139.5 359.2
W C 1873.0 248.3 1749.9 1069.4 1234.4 727.6
F 1167.852375 362.195481 0.077083
D C 693.8 -171.0 631.8 664.6 94.7 360.3
W C 1872.8 245.2 1746.6 1073.4 1234.5 728.7
F 1212.391725 365.635513 0.077083
D C 666.3 -170.7 595.6 658.1 63.8 362.6
W C 1889.9 246.7 1755.5 1067.6 1248.1 732.1
F 1257.279040 369.102420 0.077083
D C 648.8 -174.7 583.1 656.4 47.9 363.1
W C 1917.6 244.8 1788.1 1068.4 1277.1 734.8
F 1257.279040 369.102420 0.077083
D C 603.7 -176.6 536.2 654.4 -0.3 365.0
W C 1872.8 239.5 1741.5 1062.8 1228.9 733.0
F 1301.563994 373.474220 0.095239
D C 570.1 -174.4 500.0 654.1 -32.9 366.1
W C 1885.6 254.1 1737.1 1072.1 1234.0 734.7
F 1345.952528 382.293447 0.181984
D C 540.6 -176.3 467.2 651.6 -64.7 364.7
W C 1909.6 306.7 1687.5 1107.7 1216.3 729.2
F 1387.921086 398.150181 0.335302
D C 495.0 -211.8 473.4 623.2 -72.1 366.8
W C 1925.0 361.1 1629.9 1142.4 1199.1 720.8
F 1387.921086 398.150181 0.335302
D C 467.3 -233.0 477.6 609.1 -77.0 367.7
W C 1905.9 331.9 1638.5 1130.5 1194.2 720.1
F 1426.700858 421.146113 0.506776
D C 384.1 -301.2 513.5 530.3 421.7 1394.0 -68.8 368.2
W C 1908.7 344.2 1618.3 1134.0 1118.8 1844.6 1187.8 709.6
F 1459.245780 447.521051 0.650008
D C 292.0 -357.5 542.5 445.9 577.0 1315.3 -59.0 372.3
W C 1908.0 339.7 1621.3 1130.8 1122.6 1843.8 1187.0 708.2
F 1488.059324 477.640656 0.779117
D C 255.9 -377.3 547.0 414.2 621.5 1275.8 -54.4 372.7
W C 1935.3 389.0 1586.2 1156.7 1033.8 1822.1 1187.5 704.6
F 1488.059324 477.640656 0.779117
D C 187.9 -402.9 556.5 357.8 -47.5 373.2
W C 1904.9 323.0 1632.6 1123.2 1192.1 709.8
F 1512.328124 510.892498 0.910245
D C 120.7 -424.8 560.1 299.9 791.8 1126.0 -41.8 374.4
W C 1921.8 345.6 1619.2 1137.2 1109.0 1827.0 1191.1 707.6
F 1532.191344 546.530859 1.033302
D C 45.3 -442.5 558.3 237.8 874.6 1034.6 -34.7 373.1
W C 1935.5 358.9 1613.8 1147.8 1091.3 1827.5 1193.9 707.7
F 1547.463443 585.324821 1.166447
D C 8.6 -446.6 556.9 207.5 -31.4 374.2
W C 1961.4 417.5 1575.8 1178.9 1191.1 703.7
F 1554.819509 621.846881 1.323800
D C -104.3 -453.2 534.5 120.4 998.4 846.7 194.9 1410.6 -21.0 374.8
W C 1968.7 409.9 1568.7 1169.5 978.0 1797.0 234.7 1155.7 1186.3 693.1
F 1554.819509 621.846881 1.323800
D C -178.0 -446.0 512.5 55.6 1055.3 725.2 322.9 1383.0 -9.3 369.3 -318.6 961.9
W C 1943.7 340.3 1626.2 1132.4 1109.7 1822.4 292.7 1273.1 1194.4 703.1 544.3 548.1
F 1555.915628 658.767972 1.489221
D C 488.7 -19.1 1115.7 575.6 473.2 1325.7 13.1 361.8 -220.7 993.5
W C 1614.8 1144.3 1073.1 1817.7 273.2 1238.4 1196.4 701.3 547.8 519.8
F 1551.111521 695.377464 1.650609
D C 456.0 -83.1 1153.1 425.6 612.4 1247.4 33.3 351.8
W C 1597.6 1156.5 1035.0 1810.8 258.8 1206.4 1197.8 700.5
F 1540.487149 730.739266 1.811996
D C 388.3 -177.5 791.3 1096.5 58.8 334.4
W C 1620.1 1150.3 286.7 1237.2 1201.7 708.0
F 1540.487149 730.739266 1.811996
D C 361.4 -204.4 1167.8 112.3 848.8 1048.9 66.9 327.2
W C 1652.6 1130.5 1152.5 1838.0 319.2 1304.4 1206.8 717.6
F 1523.293396 764.830639 1.987505
D C 299.1 -257.6 1139.5 -48.1 958.3 919.4 80.4 309.7
W C 1637.8 1142.6 1106.1 1826.3 294.7 1269.0 1207.6 713.0
F 1500.913166 794.891230 2.158979
D C 230.0 -296.1 1093.5 -195.8 1039.4 787.0 91.0 291.0
W C 1619.7 1150.6 1057.1 1813.3 269.4 1222.9 1208.3 709.1
F 1474.274795 820.479620 2.324401
D C 160.0 -329.9 1025.6 -345.0 1108.0 642.3 100.3 272.9
W C 1605.3 1162.9 1024.0 1804.4 247.7 1188.9 1206.7 706.8
F 1443.520854 845.351381 2.433337
D C 126.2 -345.2 988.0 -411.9 1127.3 564.2 103.5 264.0
W C 1572.2 1189.6 961.1 1800.9 220.3 1150.2 1193.2 712.1
F 1443.520854 845.351381 2.433337
D C 21.0 -374.4 861.3 -590.0 1181.2 351.4 111.6 238.2
W C 1671.1 1143.3 1173.1 1853.7 317.8 1346.9 1203.8 737.0
F 1409.264064 874.832029 2.431320
D C -50.1 -379.6 773.3 -670.2 1165.1 240.1 99.6 227.0
W C 1694.8 1130.0 1259.9 1887.2 369.3 1452.5 1185.7 767.6
F 1375.458115 903.766235 2.433337
D C -106.3 -380.6 702.3 -697.0 1136.0 194.4 558.8 694.9 69.4 222.0
W C 1703.8 1123.7 1295.4 1890.0 386.2 1495.1 499.1 739.5 1178.3 780.3
F 1341.529829 932.825811 2.433337
D C 638.2 -720.6 1103.8 147.3 549.8 679.4 42.0 219.2
W C 1325.6 1895.3 407.4 1539.0 482.1 774.5 1167.0 793.7
F 1341.529829 932.825811 2.433337
D C 583.9 -723.9 1056.0 144.2 505.9 678.8 -5.6 223.2
W C 1368.9 1862.4 445.7 1510.2 515.8 746.4 1200.7 759.7
F 1307.008204 962.533754 2.431320
D C 568.0 -722.2 1029.5 143.8 487.8 675.9 -21.7 225.9
W C 1347.2 1880.5 432.7 1524.7 496.4 768.1 1176.2 777.1
F 1272.937419 991.695255 2.433337
D C 539.2 -725.9 994.3 145.1 452.1 682.3
W C 1335.6 1893.8 423.3 1528.3 485.7 767.6
F 1238.945465 1020.948607 2.431320
D C 502.1 -721.1 959.5 143.1 423.8 679.6
W C 1328.5 1895.1 418.2 1538.1 474.5 782.0
F 1238.945465 1020.948607 2.431320
D C 472.7 -720.6 927.4 144.1 389.9 684.6
W C 1350.4 1875.5 441.8 1516.4 496.9 756.1
F 1205.340477 1049.849007 2.431320
D C 439.7 -722.3 894.6 141.8 365.5 685.0
W C 1342.9 1884.2 434.6 1525.7 481.6 768.8
F 1171.269693 1079.010509 2.433337
D C 408.0 -724.1 862.3 144.8 327.5 688.2
W C 1332.4 1894.3 422.1 1529.9 474.9 769.3
F 1137.277739 1108.263861 2.431320
D C 363.4 -720.5 813.0 149.4 278.9 692.8
W C 1331.6 1891.5 423.4 1525.1 474.1 764.9
F 1103.206954 1137.425362 2.433337
D C 347.9 -722.6 793.1 145.8 265.8 690.5
W C 1309.1 1912.6 406.1 1542.6 452.2 785.9
F 1069.215000 1166.678714 2.431320
D C 313.2 -723.1 758.5 146.6 233.0 692.6
W C 1303.2 1919.2 398.6 1550.1 441.0 793.4
F 1069.215000 1166.678714 2.431320
D C 264.4 -723.1 708.3 143.7 184.1 692.2
W C 1340.3 1887.3 438.5 1519.5 478.3 762.0
F 1035.080800 1196.034239 2.431320
D C 249.0 -721.9 691.2 144.6 166.4 693.4
W C 1317.0 1905.7 416.7 1537.0 456.8 778.8
F 1001.211206 1225.162201 2.431320
D C 200.8 -723.4 644.3 145.2 118.3 697.5
W C 1320.7 1904.6 418.1 1535.2 456.7 773.5
F 967.077005 1254.517725 2.431320
D C 625.4 147.0 103.3 700.2
W C 397.1 1550.9 432.2 791.0
F 967.077005 1254.517725 2.431320
D C 153.4 -722.0 592.6 145.0 75.1 701.7
W C 1321.5 1901.9 423.2 1530.9 452.6 771.5
F 932.667632 1283.551035 2.439389
D C 548.2 148.5 25.4 704.5
W C 418.3 1524.2 458.2 762.1
F 893.799413 1305.957674 2.592707
D C 94.8 -727.4 530.3 145.4 6.0 704.9
W C 1192.4 1976.0 365.5 1458.6 521.0 707.7
F 853.531899 1315.691115 2.846892
D C -17.4 -730.3 501.2 85.8 46.7 697.9
W C 1082.3 2009.5 349.0 1379.2 606.2 661.4
F 819.846696 1315.764973 3.056695
D C -69.5 -734.5 488.2 51.5 80.8 694.3
W C 951.4 2041.7 329.1 1305.9 680.5 630.8
F 819.846696 1315.764973 3.056695
D C -201.2 -720.6 470.1 -31.4 163.9 665.1
W C 1081.4 2016.7 354.1 1386.9 600.1 667.0
F 786.207344 1308.619569 3.270534
D C -325.3 -689.0 438.1 -100.9 236.4 637.5
W C 1020.2 2033.8 338.7 1352.3 633.7 646.0
F 755.892120 1295.227131 3.474285
D C 394.8 -176.1 312.9 586.5
W C 325.2 1332.7 651.7 638.7
F 728.578549 1275.512486 3.684089
D C 305.4 -271.4 408.1 491.9
W C 326.9 1350.2 633.0 643.6
F 728.578549 1275.512486 3.684089
D C 272.6 -298.5 432.8 455.2
W C 341.0 1390.4 593.0 662.2
F 705.666534 1249.839699 3.901961
D C 197.6 -343.3 477.5 375.6 -139.4 637.0
W C 325.9 1362.4 618.5 648.6 1245.7 884.4
F 689.064276 1220.947156 4.107730
D C 121.6 -374.7 509.4 295.3 -59.8 642.2
W C 311.7 1334.0 642.4 634.0 1251.4 905.0
F 678.714272 1189.463070 4.311482
D C 44.4 -397.5 526.6 212.9 9.4 643.2
W C 295.5 1303.7 669.3 621.5 1267.2 929.8
F 674.792961 1157.284282 4.507164
D C -79.6 -408.3 527.6 77.0 122.2 616.6
W C 291.3 1318.4 642.7 625.1 1253.6 912.0
F 674.792961 1157.284282 4.507164
D C -117.1 -404.9 518.4 38.6 154.2 601.9 -301.8 992.1
W C 302.3 1354.4 607.0 641.9 1232.6 883.7 1707.6 1250.5
F 677.426577 1124.429206 4.708898
D C 484.2 -80.6 250.5 552.4 -114.8 1028.0
W C 595.1 640.5 1228.9 872.0 1705.9 1235.6
F 686.623783 1092.421348 4.910632
D C 463.7 -129.5 284.9 522.4 -45.0 1028.0
W C 651.0 612.3 1254.9 915.9 1685.6 1338.9
F 697.726824 1050.390918 4.961065
D C 417.6 -200.3 332.5 472.9 77.4 1016.9
W C 606.4 596.4 1237.9 844.5 1702.4 1225.7
F 697.726824 1050.390918 4.961065
D C 340.7 -282.7 370.5 402.0 195.8 988.2
W C 507.6 650.6 1178.5 790.2 1703.7 1103.8
F 708.780747 1007.288235 4.963083
D C 319.3 -281.9 353.5 402.9 185.7 984.8
W C 514.9 628.0 1186.7 764.8 1708.8 1071.7
F 719.862803 964.012657 4.963083
D C 240.6 -305.9 991.3 835.3 327.0 374.9 198.7 971.5
W C 483.2 655.1 1775.0 211.0 1164.2 740.3 1710.3 1012.5
F 731.031437 920.398989 4.963083
D C 214.0 -309.4 977.9 824.1 314.1 371.6 186.3 971.4
W C 484.4 636.3 1771.9 177.5 1168.9 708.3 1718.2 980.9
F 742.026915 877.461502 4.963083
D C 178.8 -306.2 951.2 821.8 285.9 373.9 158.4 970.3
W C 489.7 628.3 1774.1 159.9 1175.2 693.3 1721.3 964.7
F 742.026915 877.461502 4.963083
D C 128.9 -302.7 907.0 823.3 235.7 375.3 107.0 971.2
W C 480.7 677.4 1764.6 203.0 1164.1 742.3 1709.4 1014.8
F 753.195550 833.847834 4.963083
D C 113.7 -302.3 890.0 822.9 222.3 376.8 94.9 971.5
W C 488.5 648.7 1771.1 175.9 1173.4 711.9 1717.9 982.9
F 764.364184 790.234166 4.963083
D C 66.0 -310.7 840.0 820.9 174.6 375.8 44.1 974.0
W C 479.7 649.2 1768.0 180.1 1171.7 714.3 1718.9 989.1
F 775.446241 746.958589 4.963083
D C 33.1 -313.4 805.3 821.5 142.7 377.7 11.2 970.1
W C 480.0 637.2 1771.0 170.6 1176.8 702.4 1718.0 976.8
F 786.614875 703.344921 4.963083
D C 19.5 -314.1 787.0 817.8 126.4 379.8 -3.7 969.8
W C 487.2 606.5 1774.1 143.8 1185.9 675.1 1725.1 947.5
F 786.614875 703.344921 4.963083
D C -32.5 -322.0 739.6 817.2 75.5 375.2 -57.4 971.4
W C 466.6 654.9 1761.7 189.6 1168.8 723.2 1713.4 1000.0
F 801.948605 660.589172 5.043776
D C -47.5 -322.1 722.7 813.6 62.7 376.4 -69.6 973.6
W C 481.9 600.7 1806.4 241.9 1178.3 723.8 1700.0 1043.1
F 820.780488 619.820606 5.130522
D C -112.3 -327.2 725.8 768.1 37.2 368.9
W C 476.2 589.6 1817.4 268.5 1173.0 735.6
F 843.073626 580.836868 5.217268
D C 737.4 716.2 29.7 360.8
W C 1826.6 281.8 1173.2 729.4
F 843.073626 580.836868 5.217268
D C 749.0 659.2 21.4 352.5
W C 1782.3 244.1 1161.9 732.6
F 868.481063 544.022288 5.301996
D C 758.7 612.0 13.7 349.5
W C 1799.0 253.7 1166.6 727.0
F 897.118968 509.208416 5.386724
D C 758.2 585.2 7.2 348.2
W C 1827.6 282.3 1173.6 721.0
F 928.333808 477.409233 5.473470
D C 770.6 508.9 -4.5 342.3
W C 1828.3 270.4 1173.1 716.7
F 928.333808 477.409233 5.473470
D C 766.6 476.4 -6.5 341.0
W C 1802.1 250.9 1170.7 717.3
F 962.664290 448.705939 5.570302
D C 760.5 392.3 151.5 927.9 -23.1 337.4
W C 1794.5 248.1 1684.1 1051.5 1165.9 719.1
F 1001.947402 426.580825 5.741776
D C 755.6 338.4 180.4 910.6 -30.4 337.6
W C 1823.9 327.2 1625.8 1114.0 1149.9 731.5
F 1044.116711 411.636655 5.913250
D C 757.7 290.3 220.0 892.9 -24.9 334.6
W C 1855.5 408.3 1572.1 1164.6 1141.9 732.6
F 1084.965662 403.246550 6.050430
D C 753.6 172.2 303.5 850.2 -19.5 330.7
W C 1857.9 397.0 1576.4 1160.5 1142.2 729.5
F 1084.965662 403.246550 6.050430
D C 738.4 98.5 347.6 819.4 -20.3 325.7
W C 1826.2 328.8 1612.1 1120.4 1140.4 724.8
F 1125.791904 399.827953 6.171470
D C 717.3 27.0 393.3 776.9 -18.0 321.5
W C 1841.6 346.7 1603.3 1128.0 1143.7 721.3
F 1166.210334 401.491851 0.011343
D C 686.3 -48.0 429.1 732.3 -16.8 318.1
W C 1853.0 361.3 1586.9 1138.6 1145.8 719.4
F 1207.274086 408.701346 0.144487
D C 674.1 -78.4 446.2 710.7 -17.8 317.5
W C 1885.6 428.1 1546.5 1176.2 1144.0 720.3
F 1249.304963 417.543619 0.196938
D C 609.6 -186.5 504.6 627.4 -14.5 310.6
W C 1883.6 354.0 1621.3 1131.6 1174.3 719.3
F 1249.304963 417.543619 0.196938
D C 563.9 -251.5 530.6 579.1 277.6 1401.2 -14.4 307.3
W C 1851.5 281.2 1656.3 1089.3 1247.4 1845.9 1175.1 716.1
F 1293.113467 426.284471 0.196938
D C 514.5 -280.6 518.6 548.9 -35.7 302.6
W C 1852.6 251.8 1694.3 1066.0 1198.9 716.1
F 1336.921972 435.025323 0.196938
D C 462.0 -312.3 514.2 521.3 -55.7 302.8
W C 1851.1 219.2 1739.2 1046.9 1223.1 721.1
F 1380.388223 443.697888 0.196938
D C 438.5 -324.7 505.4 512.4 343.0 1356.1
W C 1873.9 211.1 1775.8 1045.1 1451.4 1840.7
F 1380.388223 443.697888 0.196938
D C 383.7 -330.5 458.1 506.2
W C 1821.4 194.7 1730.6 1029.8
F 1424.689257 452.645210 0.198955
D C 366.5 -329.6 439.9 510.8 282.2 1358.8
W C 1849.1 202.0 1755.0 1040.3 1432.8 1840.4
F 1468.137923 461.405443 0.198955
D C 314.1 -329.4 389.6 509.6 234.2 1355.6
W C 1841.1 200.6 1749.3 1037.9 1429.8 1836.6
F 1512.270821 470.303633 0.198955
D C 281.4 -334.0 358.1 509.2
W C 1854.2 198.6 1762.6 1040.3
F 1556.403719 479.201822 0.198955
D C 264.3 -331.8 342.2 513.0 188.3 1362.5
W C 1881.1 206.2 1790.5 1049.7 1471.7 1852.0
F 1556.403719 479.201822 0.198955
D C 211.3 -333.1 291.9 512.5
W C 1829.4 194.4 1741.3 1039.3
F 1600.194501 488.031033 0.198955
D C 162.4 -332.1 238.8 514.0
W C 1825.0 194.6 1732.7 1039.1
F 1643.654850 500.579650 0.269562
D C 143.5 -331.4 221.4 517.6
W C 1870.3 219.4 1719.2 1058.5
F 1685.378607 516.703523 0.354291
D C 109.7 -338.3 205.5 510.3 87.2 1366.9
W C 1905.7 237.5 1701.0 1066.6 1292.9 1828.9
F 1685.378607 516.703523 0.354291
D C 51.7 -354.2 204.8 495.6 152.2 1344.3
W C 1856.8 202.4 1705.6 1052.6 1361.8 1830.3
F 1725.383544 536.328999 0.441036
D C -2.0 -366.8 201.7 479.7 201.0 1334.0
W C 1880.2 203.8 1703.0 1056.2 1337.7 1828.5
F 1764.155271 559.671534 0.527782
D C -89.3 -367.3 193.6 452.6 287.5 1303.5
W C 1872.0 197.3 1703.5 1048.2 1356.1 1830.5
F 1800.084630 585.727083 0.612510
D C -114.9 -367.4 192.3 445.6
W C 1917.4 219.0 1701.2 1060.9
F 1800.084630 585.727083 0.612510
D C 188.6 433.5
W C 1705.2 1048.9
F 1832.017827 617.718015 0.761793
D C 180.2 421.1 -535.6 1553.0
W C 1671.7 1046.8 372.6 1371.8
F 1857.778711 654.500835 0.931250
D C 191.5 396.3 -394.3 1589.8
W C 1654.1 1044.7 346.8 1287.0
F 1876.768534 692.627984 1.078516
D C 195.4 385.9 -341.6 1607.4
W C 1629.0 1047.2 298.8 1151.4
F 1891.934992 731.763331 1.179383
D C 197.8 352.4 -152.7 1641.1
W C 1641.7 1049.1 316.7 1216.7
F 1891.934992 731.763331 1.179383
D C 201.8 323.6
W C 1669.8 1041.7
F 1909.110289 773.379429 1.179383
D C 186.7 307.7 73.9 1631.5
W C 1695.9 1063.3 429.2 1464.1
F 1926.019302 814.350316 1.179383
D C 156.7 300.3 108.7 1625.6
W C 1708.2 1073.8 464.8 1535.0
F 1940.065579 856.973948 1.241921
D C 777.9 870.3 142.8 297.7 130.5 1647.7
W C 1367.7 1874.3 1704.4 1088.2 422.8 1512.6
F 1950.301575 900.336107 1.324632
D C 744.5 853.8 91.7 296.6 109.0 1630.4
W C 1303.7 1830.5 1685.0 1061.6 395.6 1403.3
F 1950.301575 900.336107 1.324632
D C 769.1 794.2 75.3 286.5
W C 1367.4 1839.7 1690.8 1043.1
F 1956.713569 944.962698 1.413395
D C 796.1 731.6 59.8 275.2
W C 1358.9 1845.9 1694.3 1047.2
F 1959.269732 990.146620 1.500140
D C 798.9 673.2 39.8 269.8
W C 1344.1 1834.6 1692.9 1048.9
F 1957.992970 1034.859269 1.584869
D C 806.7 646.7 27.1 268.4 -373.5 1413.0
W C 1300.0 1832.4 1689.2 1058.1 550.4 641.5
F 1957.992970 1034.859269 1.584869
D C 816.6 568.6 474.0 1516.4 -0.2 265.4
W C 1378.0 1843.4 435.1 1487.5 1692.7 1030.9
F 1952.821721 1079.468394 1.671614
D C 572.4 1473.6 -29.0 267.1
W C 429.1 1500.6 1690.0 1023.7
F 1943.983930 1122.962117 1.756343
D C 817.8 457.5 599.2 1437.2
W C 1343.5 1842.3 420.9 1446.8
F 1931.118304 1166.714200 1.843088
D C 813.0 394.5 662.2 1391.8
W C 1332.5 1843.7 412.5 1430.2
F 1915.096557 1207.730257 1.927817
D C 801.2 338.3 710.7 1352.0
W C 1318.1 1840.1 400.0 1401.1
F 1915.096557 1207.730257 1.927817
D C 783.6 281.0 764.5 1295.6 35.1 1477.0
W C 1377.9 1843.7 434.0 1471.2 519.0 724.5
F 1895.254215 1248.207618 2.012545
D C 764.5 209.6 833.2 1216.3 116.1 1466.2
W C 1378.9 1849.7 439.5 1481.4 520.2 726.3
F 1871.710341 1287.064510 2.101308
D C 750.4 188.6 850.1 1201.2 138.7 1465.5 -131.7 814.5
W C 1329.3 1838.9 405.5 1412.6 537.5 665.2 1235.8 761.3
F 1845.178575 1323.508998 2.186036
D C 727.1 133.6 899.2 1132.4 210.0 1454.1 -106.8 819.3
W C 1316.4 1840.2 401.4 1404.3 536.5 655.8 1237.7 763.4
F 1845.178575 1323.508998 2.186036
D C 698.3 82.3 944.5 1076.4 270.3 1433.5 -82.0 825.8
W C 1374.9 1846.3 421.1 1473.6 518.5 716.9 1218.1 780.0
F 1815.896321 1357.096256 2.272782
D C 666.6 37.4 967.4 1005.2 325.5 1413.6 -64.3 828.6
W C 1356.9 1842.0 423.7 1446.7 526.3 692.8 1224.7 772.9
F 1783.577643 1388.276681 2.359528
D C 622.5 -24.4 1014.1 914.9 411.7 1376.0 -33.9 834.3
W C 1359.1 1844.3 419.4 1453.9 521.8 702.2 1219.7 772.5
F 1748.619056 1416.737750 2.444256
D C 604.6 -51.6 1023.5 862.5 449.3 1363.5 -13.3 827.0
W C 1318.3 1844.6 410.1 1412.8 528.6 660.1 1227.8 774.3
F 1711.930695 1441.713231 2.528984
D C 568.7 -89.3 1040.7 798.1 498.2 1330.7 -0.6 831.2
W C 1298.0 1841.8 401.5 1387.1 539.2 639.4 1234.5 761.3
F 1711.930695 1441.713231 2.528984
D C 527.9 -130.1 1061.6 724.8 555.9 1288.5 29.9 827.4
W C 1354.8 1851.7 426.6 1459.2 516.2 707.1 1211.7 781.9
F 1673.741705 1464.940992 2.585470
D C 489.8 -161.4 1074.0 658.4 599.7 1250.5 49.9 822.7
W C 1343.0 1860.6 414.0 1472.8 504.3 719.5 1197.0 792.5
F 1635.709112 1488.705112 2.583452
D C 424.9 -203.8 1063.6 573.7 634.1 1206.3 54.5 815.3
W C 1383.2 1886.6 429.7 1565.3 459.0 801.3 1157.7 826.0
F 1597.520431 1512.548667 2.583452
D C 408.4 -202.0 1043.3 583.6 616.2 1207.9 36.9 814.5
W C 1358.1 1900.2 403.4 1570.0 435.1 814.3 1134.8 841.2
F 1597.520431 1512.548667 2.583452
D C 380.0 -201.3 1007.7 584.2 584.3 1208.8 4.4 815.2
W C 1381.8 1884.5 433.3 1550.7 461.8 796.7 1162.0 823.4
F 1559.627787 1536.207388 2.583452
D C 962.2 581.7 529.8 1207.7 -43.5 821.1
W C 435.4 1552.4 470.6 792.4 1161.6 816.7
F 1521.531193 1559.868771 2.585470
D C 314.8 -199.0 943.1 578.1 513.7 1211.2 -58.9 823.9
W C 1359.2 1895.1 415.4 1566.7 445.8 802.4 1136.6 829.1
F 1483.498599 1583.632891 2.583452
D C 265.7 -198.0 891.4 580.9 465.3 1208.9 -108.0 828.4
W C 1363.0 1892.3 419.7 1563.0 448.6 804.6 1136.4 823.8
F 1445.013883 1607.661280 2.583452
D C 869.8 582.1 451.0 1216.1 -123.8 830.4
W C 398.9 1574.5 418.4 815.0 1110.3 837.7
F 1445.013883 1607.661280 2.583452
D C 819.7 578.2 395.0 1211.1 -171.4 832.0
W C 443.5 1551.3 468.5 789.5 1149.8 811.2
F 1404.908585 1627.843066 2.662129
D C 786.8 577.0 369.8 1208.9 -199.2 836.0
W C 440.6 1478.9 519.2 725.8 1196.0 794.2
F 1364.005119 1644.150112 2.746857
D C 791.9 547.7 397.6 1194.2 -178.9 841.8
W C 422.4 1443.1 537.8 694.7 1205.4 798.3
F 1320.688766 1657.257908 2.833603
D C 800.5 487.3 456.3 1164.3 -151.4 853.1
W C 410.2 1435.5 532.9 686.1 1206.3 798.4
F 1320.688766 1657.257908 2.833603
D C 792.5 440.1 486.3 1136.8 -131.6 864.4
W C 432.1 1478.1 512.7 721.4 1184.1 793.7
F 1276.592648 1666.621010 2.918331
D C 783.9 354.0 551.8 1073.5 -89.2 871.4
W C 433.8 1495.0 500.8 741.9 1170.6 797.1
F 1232.482020 1673.822265 2.970782
D C 773.2 321.0 577.4 1051.0 -73.1 872.3
W C 416.0 1489.0 484.8 736.3 1156.2 801.8
F 1188.306226 1681.549537 2.968765
D C 760.3 264.8 611.3 1007.6 -49.1 875.8
W C 393.8 1551.4 412.8 794.1 1086.0 810.3
F 1144.453598 1689.097881 2.970782
D C 717.7 259.9 567.3 1010.5 -90.0 879.8
W C 393.0 1555.0 413.6 789.8 1083.6 806.8
F 1144.453598 1689.097881 2.970782
D C 700.2 258.4 553.8 1008.0 -106.8 882.8
W C 410.5 1553.5 427.3 789.9 1099.6 801.0
F 1100.431697 1696.691290 2.970782
D C 647.3 264.1 502.1 1014.8 -159.5 883.0
W C 417.7 1546.5 433.1 782.0 1107.5 799.4
F 1056.255903 1704.418562 2.968765
D C 631.6 262.2 485.8 1013.0 -177.4 888.3
W C 389.0 1554.8 403.5 790.1 1078.2 798.9
F 1012.059414 1712.026576 2.970782
D C 597.3 265.3 449.4 1015.8 -211.3 886.6
W C 378.4 1552.1 396.6 787.4 1069.5 802.4
F 1012.059414 1712.026576 2.970782
D C 549.5 266.6 401.0 1013.9 -258.8 889.9
W C 425.2 1542.7 444.6 781.0 1115.8 791.1
F 967.195897 1719.873189 2.968765
D C 534.7 265.6 387.7 1016.7 -272.4 895.5
W C 394.8 1550.2 410.4 785.0 1081.5 790.9
F 923.533205 1727.495374 2.968765
D C 487.4 268.7 335.3 1017.6
W C 397.2 1546.6 418.2 782.7
F 879.336716 1735.103388 2.970782
D C 455.4 265.9 303.6 1014.8
W C 385.4 1550.5 407.7 786.7
F 879.336716 1735.103388 2.970782
D C 436.2 267.4 290.6 1016.7
W C 404.0 1545.7 420.1 782.6
F 834.970895 1742.756121 2.970782
D C 389.4 271.1 237.9 1018.8
W C 405.1 1541.8 427.4 779.2
F 790.795100 1750.483393 2.968765
D C 372.0 272.8 218.6 1021.1
W C 377.4 1545.7 399.8 782.2
F 746.598611 1758.091407 2.970782
D C 327.8 272.8 173.6 1023.7
W C 377.2 1545.0 401.5 778.8
F 704.142122 1765.520327 2.968765
D C 311.1 273.8 154.6 1026.0
W C 350.6 1549.3 375.4 781.4
F 697.770345 1766.564600 2.970782
D C 275.0 275.4 119.7 1028.7
W C 380.0 1541.9 405.0 773.2
F 697.770345 1766.564600 2.970782
D C 236.5 272.9 87.6 1026.0
W C 418.3 1537.8 437.1 770.4
F 697.770345 1766.564600 2.970782
D C 238.9 274.0 90.6 1024.0
W C 415.7 1537.2 434.5 772.9
F 697.770345 1766.564600 2.970782
D C 240.1 275.4 90.5 1022.8
W C 414.3 1536.0 434.8 774.0
F 697.770345 1766.564600 2.970782
D C 239.5 274.7 90.1 1019.0
W C 415.0 1536.6 435.7 777.7
F 697.770345 1766.564600 2.970782
D C 238.7 273.7 90.6 1024.2
W C 416.0 1537.4 434.4 772.6
F 697.770345 1766.564600 2.970782
D C 238.7 273.7 90.6 1024.6
W C 416.0 1537.4 434.3 772.3
F 697.770345 1766.564600 2.970782
D C 239.2 274.3 90.6 1024.1
W C 415.4 1536.9 434.4 772.8
