F 521.213203 21.213203 0.785398
E -0.442410 9.997958 9.993418 0.340117
W C 982.8 75.6 1848.5 695.7 1577.5 1429.6 920.3 1219.8 483.8 820.0 223.5 1586.7
W E 0.111 279.8 249.4 -2.670 279.8 307.3 -0.644 309.7 279.8 -0.324 304.0 279.8 0.027 288.0 279.8 0.184 308.3 279.8
D C 364.9 -287.9 1415.4 -461.6 1742.8 248.9 1129.7 565.4 538.4 591.2 896.5 1317.5
F 521.213098 21.212079 0.785389
E -0.451927 9.996641 9.989446 0.254689
W C 983.0 75.6 1848.7 695.8 1577.4 1429.4 920.3 1219.8 483.8 820.6 223.5 1587.1
W E 0.111 253.6 213.5 -2.670 253.6 299.4 -0.644 304.0 253.6 -0.324 293.6 253.6 0.027 267.0 253.6 0.184 301.4 253.6
D C 366.0 -288.8 1416.7 -462.0 1741.8 248.8 1129.9 565.4 540.6 593.7 897.6 1319.0
F 521.212932 21.210060 0.785378
E -0.457784 9.995716 9.986727 0.217714
W C 983.3 75.7 1849.0 695.9 1577.4 1429.3 920.3 1220.0 483.8 821.2 223.3 1587.9
W E 0.110 233.6 190.3 -2.670 233.6 292.5 -0.644 298.7 233.6 -0.325 284.5 233.6 0.027 250.5 233.6 0.184 295.1 233.6
D C 366.2 -289.0 1418.2 -462.5 1741.8 248.8 1131.1 566.1 541.5 594.6 900.0 1322.6
F 521.212942 21.210540 0.785384
E -0.461751 9.995029 9.984731 0.196102
W C 983.4 75.7 1849.2 696.0 1576.9 1428.8 920.3 1220.0 483.8 821.4 223.3 1587.8
W E 0.110 217.7 173.8 -2.670 217.7 286.2 -0.644 293.9 217.7 -0.325 276.5 217.7 0.027 237.1 217.7 0.184 289.5 217.7
D C 366.2 -288.9 1417.4 -462.3 1737.0 248.1 1129.5 565.3 540.5 593.6 896.8 1317.9
F 521.212723 21.211068 0.785389
E -0.464619 9.994498 9.983193 0.181627
W C 983.4 75.7 1849.6 696.2 1576.8 1428.6 920.3 1219.8 483.8 821.0 223.3 1588.0
W E 0.109 204.7 161.3 -2.670 204.7 280.5 -0.644 289.5 204.7 -0.325 269.3 204.7 0.027 226.0 204.7 0.183 284.3 204.7
D C 365.1 -288.1 1419.4 -462.9 1739.8 248.5 1128.6 564.8 537.0 589.7 898.0 1319.6
F 521.213062 21.211631 0.785391
E -0.466791 9.994075 9.981968 0.171134
W C 983.4 75.7 1849.2 696.1 1576.7 1428.5 920.3 1219.9 483.8 820.9 223.3 1587.9
W E 0.109 193.8 151.4 -2.670 193.8 275.3 -0.644 285.4 193.8 -0.325 262.9 193.8 0.027 216.5 193.8 0.183 279.5 193.8
D C 365.1 -288.1 1413.4 -460.9 1740.2 248.6 1129.9 565.5 538.2 591.0 896.5 1317.5
F 521.213214 21.211636 0.785391
E -0.468485 9.993729 9.980966 0.163121
W C 983.3 75.7 1849.4 696.2 1576.3 1428.0 920.4 1220.1 483.8 821.0 223.3 1587.9
W E 0.108 184.4 143.3 -2.670 184.4 270.5 -0.644 281.6 184.4 -0.325 257.1 184.4 0.026 208.3 184.4 0.183 275.2 184.4
D C 364.7 -287.8 1418.5 -462.6 1734.9 247.8 1132.6 566.8 539.8 592.8 897.2 1318.4
F 521.213293 21.211349 0.785390
E -0.469835 9.993442 9.980129 0.156772
W C 983.3 75.7 1849.5 696.2 1576.2 1427.8 920.4 1220.3 483.8 821.2 223.3 1587.9
W E 0.108 176.3 136.6 -2.670 176.3 266.1 -0.644 278.1 176.3 -0.325 251.8 176.3 0.026 201.2 176.3 0.183 271.1 176.3
D C 364.9 -287.9 1417.5 -462.3 1738.0 248.2 1131.9 566.5 540.7 593.8 897.5 1318.9
F 521.213300 21.211006 0.785389
E -0.470933 9.993198 9.979419 0.151598
W C 983.3 75.7 1849.5 696.2 1576.1 1427.7 920.5 1220.5 483.8 821.2 223.3 1588.1
W E 0.107 169.2 130.9 -2.670 169.2 262.0 -0.644 274.8 169.2 -0.325 246.9 169.2 0.026 194.9 169.2 0.183 267.3 169.2
D C 365.2 -288.2 1416.6 -462.0 1739.8 248.5 1132.5 566.8 539.6 592.6 898.1 1319.8
F 521.214558 21.209667 0.785327
E -0.471845 9.992990 9.978808 0.147292
W C 983.3 75.6 1849.4 696.3 1576.1 1427.7 920.5 1220.5 483.8 821.3 223.3 1588.0
W E 0.107 162.9 125.9 -2.670 162.9 258.2 -0.644 271.7 162.9 -0.326 242.4 162.9 0.026 189.3 162.9 0.183 263.8 162.9
D C 365.8 -288.6 1417.7 -457.6 1739.7 248.5 1129.9 565.5 539.5 592.4 897.2 1318.4
F 521.214443 21.209362 0.785331
E -0.472611 9.992809 9.978276 0.143645
W C 983.2 75.6 1849.6 696.4 1576.1 1427.6 920.6 1220.7 483.8 821.3 223.3 1588.2
W E 0.106 157.2 121.6 -2.669 157.2 254.7 -0.645 268.8 157.2 -0.326 238.3 157.2 0.026 184.3 157.2 0.182 260.5 157.2
D C 364.1 -287.3 1419.0 -462.8 1739.0 248.4 1133.0 567.0 539.7 592.7 898.8 1320.8
F 521.214217 21.209240 0.785336
E -0.473261 9.992651 9.977808 0.140512
W C 983.2 75.6 1849.6 696.4 1576.2 1427.7 920.6 1220.8 483.8 821.3 223.3 1588.2
W E 0.106 152.1 117.8 -2.669 152.1 251.4 -0.645 266.1 152.1 -0.326 234.5 152.1 0.026 179.8 152.1 0.182 257.4 152.1
D C 364.5 -287.7 1416.9 -462.1 1743.3 249.0 1132.5 566.8 539.1 592.1 896.9 1318.1
F 521.213772 21.208911 0.785340
E -0.473820 9.992512 9.977393 0.137788
W C 983.1 75.6 1850.0 696.6 1576.2 1427.8 920.6 1220.8 483.8 821.5 223.3 1588.2
W E 0.105 147.5 114.4 -2.669 147.5 248.3 -0.645 263.5 147.5 -0.326 230.9 147.5 0.026 175.6 147.5 0.182 254.5 147.5
D C 365.0 -288.0 1423.0 -464.1 1741.8 248.8 1130.1 565.6 541.0 594.1 897.9 1319.5
F 538.707804 38.726485 0.785710
E 2.369484 10.422702 11.710527 0.152934
W C 984.2 77.0 1850.9 697.6 1576.9 1429.0 921.2 1221.9 484.6 822.5 223.6 1589.0
W E 0.101 143.2 111.2 -2.670 143.2 245.3 -0.645 261.0 143.2 -0.326 227.5 143.2 0.026 171.7 143.2 0.183 251.8 143.3
D C 365.2 -288.2 1416.0 -461.8 1740.2 248.6 1131.2 566.1 539.4 592.4 896.8 1317.9
F 569.946669 69.990685 0.785536
E 2.376956 13.852077 16.030619 0.187264
W C 986.6 80.0 1852.8 699.7 1578.1 1430.9 921.8 1221.9 486.1 824.3 224.1 1590.9
W E 0.088 139.3 107.9 -2.670 139.4 242.4 -0.644 258.5 139.4 -0.325 224.1 139.4 0.025 167.9 139.4 0.184 249.0 139.4
D C 352.2 -286.8 1402.9 -457.5 1715.5 250.4 1074.3 550.0 518.5 594.6 878.1 1325.0
F 601.415497 101.572585 0.785165
E 2.634626 19.241814 19.478048 0.202181
W C 989.3 83.5 1854.8 702.0 1579.5 1433.0 922.6 1222.6 487.9 826.6 224.5 1592.7
W E 0.066 135.5 104.6 -2.671 135.8 239.4 -0.644 256.1 135.8 -0.324 220.7 135.8 0.024 164.2 135.8 0.186 246.4 135.8
D C 313.8 -287.5 1365.2 -463.9 1681.8 240.2 1048.8 549.2 488.9 592.9 846.9 1321.6
F 633.102984 133.021040 0.782966
E -2.374523 22.361815 25.304722 0.213259
W C 992.8 87.6 1856.6 703.9 1581.1 1434.8 923.8 1222.9 490.4 828.5 224.2 1592.7
W E 0.032 131.9 101.5 -2.672 132.5 236.7 -0.644 253.9 132.5 -0.323 217.6 132.5 0.021 160.9 132.4 0.186 246.0 135.8
D C 279.2 -282.2 1324.1 -454.4 1640.5 244.6 1000.7 547.8 445.3 586.2
F 632.936089 132.917383 0.783097
E -2.381739 22.308803 24.492318 0.193180
W C 994.6 90.2 1856.3 704.7 1582.1 1435.8 924.6 1222.6 492.2 829.6 223.9 1592.6
W E 0.006 128.6 98.8 -2.672 129.4 234.2 -0.643 251.8 129.4 -0.321 214.7 129.4 0.019 157.8 129.4 0.186 245.7 135.8
D C 260.9 -280.4 1277.2 -447.1 1622.9 242.0 985.4 543.3 432.6 584.3
F 664.527721 164.186083 0.781312
E -2.365120 24.814889 30.200990 0.209251
W C 996.8 92.7 1855.9 705.2 1582.6 1436.3 925.4 1221.9 493.6 830.6 223.7 1592.6
W E -0.032 125.3 96.1 -2.673 126.6 231.7 -0.643 249.7 126.6 -0.320 211.9 126.6 0.015 154.9 126.5 0.186 245.5 135.8
D C 216.5 -277.0 1229.1 -443.0 1564.3 248.0 933.0 544.7 379.5 588.2
F 696.100779 195.404202 0.780877
E -2.360672 27.062893 35.945703 0.216559
W C 1000.4 96.0 1855.9 706.1 1583.5 1437.0 926.5 1221.6 495.3 832.0 223.3 1592.5
W E -0.084 121.9 93.5 -2.674 123.9 229.3 -0.643 247.7 123.9 -0.319 209.0 123.9 0.010 152.0 123.7 0.186 245.4 135.8
D C 187.9 -278.9 1197.8 -440.1 1532.9 243.0 902.1 541.6 348.6 590.7
F 727.545107 226.353764 0.776851
E -2.359908 29.089289 41.557824 0.219888
W C 1005.5 99.8 1856.2 707.4 1584.7 1437.9 927.8 1221.8 497.3 833.9 222.8 1592.4
W E -0.149 118.2 90.9 -2.675 121.4 226.8 -0.642 245.6 121.4 -0.318 206.2 121.4 0.003 149.3 121.2 0.186 245.3 135.8
D C 155.6 -276.2 1169.5 -441.9 1500.5 242.6 873.3 546.4 318.8 593.1
F 758.823509 257.108890 0.775902
E -2.360355 30.935340 46.997057 0.221649
W C 1012.1 103.6 1856.7 708.7 1585.9 1439.1 929.3 1222.1 499.4 836.0 222.3 1592.3
W E -0.227 114.4 88.4 -2.676 119.1 224.4 -0.642 243.6 119.1 -0.317 203.4 119.1 -0.006 146.8 118.7 0.186 245.2 135.8
D C 124.8 -274.1 1131.1 -439.3 1466.0 246.2 832.9 546.4 280.4 594.1
F 758.410487 256.728545 0.774858
E -2.361984 30.770634 45.939424 0.198960
W C 1015.7 105.9 1856.7 709.4 1586.6 1439.5 930.2 1222.1 500.7 837.4 222.0 1592.2
W E -0.288 111.7 86.1 -2.676 116.9 222.1 -0.641 241.7 116.9 -0.316 200.9 116.9 -0.013 144.5 116.4 0.186 245.2 135.8
D C 113.1 -277.2 1117.5 -438.0 1443.4 251.6 818.1 551.1 264.3 597.6
F 789.993558 287.781544 0.772634
E -2.363551 32.508694 51.071932 0.213120
W C 1019.1 107.7 1856.5 710.1 1587.2 1439.7 931.2 1221.8 501.6 838.7 221.7 1592.2
W E -0.360 108.7 83.8 -2.677 114.8 219.9 -0.641 239.9 114.8 -0.315 198.3 114.9 -0.021 142.3 114.2 0.186 245.1 135.8
D C 67.3 -274.8 1066.3 -436.9 1395.6 247.7 770.4 547.0 214.8 601.8
F 821.223662 319.557110 0.782615
E -2.367089 34.224832 56.225568 0.223230
W C 1019.4 107.8 1856.2 711.5 1587.7 1440.6 932.1 1221.7 502.8 840.1 221.8 1592.2
W E -0.364 108.6 83.5 -2.678 112.9 217.6 -0.641 238.1 112.8 -0.314 195.8 113.0 -0.030 140.3 112.0 0.186 245.1 135.8
D C 1026.6 -435.5 1364.7 246.5 735.6 539.4 184.2 595.6
F 821.304272 319.589580 0.782450
E -2.368566 34.114078 55.366572 0.202812
W C 1019.4 107.8 1855.4 711.7 1587.6 1440.3 932.3 1220.9 502.9 840.4 221.9 1592.2
W E -0.366 108.6 83.3 -2.679 111.1 215.6 -0.640 236.3 111.0 -0.313 193.5 111.1 -0.038 138.4 110.0 0.186 245.0 135.8
D C 997.1 -433.8 1324.9 251.9 698.2 545.7 146.0 600.5
F 852.811446 351.416096 0.784294
E -2.372559 35.730263 59.853288 0.211891
W C 1019.5 107.9 1854.5 712.5 1587.4 1440.6 932.4 1220.5 502.8 841.0 223.2 1593.0
W E -0.366 108.6 83.0 -2.679 109.3 213.1 -0.640 234.2 109.3 -0.313 190.8 109.4 -0.049 136.4 108.0 0.195 241.1 132.7
D C 958.2 -434.5 1292.7 249.9 666.4 544.3 474.7 1317.1 112.0 603.8
F 883.782200 382.655793 0.782531
E -2.375871 37.096568 64.253511 0.212719
W C 1025.7 108.9 1853.5 713.9 1587.2 1441.0 932.5 1220.3 503.0 842.1 224.5 1594.0
W E -0.470 104.0 81.0 -2.680 107.7 210.7 -0.640 232.2 107.6 -0.313 188.1 107.7 -0.060 134.6 106.1 0.203 237.7 129.9
D C -47.4 -285.1 925.1 -422.9 1257.2 251.0 631.5 545.5 438.5 1317.1 81.6 604.0
F 914.537883 413.896664 0.780334
E -2.378517 38.414142 68.593659 0.213437
W C 1031.3 109.5 1852.7 715.5 1586.9 1441.7 932.9 1220.5 503.2 843.4 226.0 1595.1
W E -0.562 100.6 79.2 -2.681 106.1 208.3 -0.640 230.1 106.0 -0.314 185.5 106.2 -0.070 132.9 104.2 0.211 234.5 127.3
D C -78.6 -288.4 896.0 -426.3 1220.4 251.5 601.9 546.3 407.1 1316.5 48.0 606.7
F 945.731251 445.721664 0.788220
E -2.380235 39.787336 72.909677 0.216502
W C 1031.4 109.4 1852.3 716.9 1586.9 1442.2 933.6 1220.3 503.5 844.4 227.0 1595.9
W E -0.564 100.6 79.0 -2.681 104.6 205.9 -0.639 228.1 104.5 -0.315 182.9 104.7 -0.079 131.4 102.3 0.218 231.5 124.9
D C 848.2 -429.4 1172.2 252.8 550.1 540.9 358.9 1316.4 -4.2 609.6
F 976.488161 477.425211 0.794463
E -2.381521 41.092176 77.167331 0.217970
W C 1031.4 109.1 1852.3 719.1 1586.9 1443.2 934.7 1220.6 504.3 845.9 228.1 1597.1
W E -0.565 100.5 78.9 -2.682 103.2 203.5 -0.639 226.1 103.1 -0.316 180.4 103.3 -0.086 130.1 100.6 0.224 228.6 122.7
D C 833.9 -428.6 1149.7 255.4 535.0 545.7 342.8 1320.9 -21.1 610.9
F 976.427110 477.219008 0.795305
E -2.381261 40.907383 76.238047 0.194778
W C 1031.4 109.0 1852.0 720.1 1586.8 1443.5 935.3 1220.4 504.4 846.7 228.8 1597.9
W E -0.565 100.5 78.8 -2.682 101.9 201.4 -0.639 224.2 101.8 -0.318 178.1 101.9 -0.092 128.8 98.9 0.230 226.0 120.7
D C 801.3 -430.7 1119.8 252.3 506.2 542.3 317.0 1321.4 -51.5 614.4
F 1008.021923 508.948571 0.795473
E -2.381853 42.169885 80.380549 0.209007
W C 1031.3 108.9 1851.2 721.0 1586.7 1443.5 935.7 1220.0 504.5 847.3 229.5 1598.7
W E -0.565 100.5 78.7 -2.682 100.6 199.2 -0.639 222.3 100.5 -0.319 175.9 100.6 -0.097 127.7 97.3 0.235 223.4 118.8
D C 743.2 -420.3 1069.2 254.8 450.7 543.2 262.7 1326.0 -104.8 612.2
F 1038.996842 540.695963 0.797977
E -2.382479 43.371102 84.553414 0.215401
W C 1031.2 108.7 1850.7 722.8 1586.8 1444.2 936.8 1220.1 504.9 848.3 230.7 1599.4
W E -0.564 100.5 78.7 -2.682 99.4 197.1 -0.639 220.5 99.3 -0.322 173.7 99.3 -0.100 126.6 95.9 0.241 221.0 117.0
D C 724.6 -421.6 1054.6 251.3 437.8 541.0 248.2 1316.0 -122.5 613.4
F 1070.170057 572.503504 0.800536
E -2.382719 44.523454 88.748030 0.218399
W C 1031.1 108.5 1850.3 724.5 1586.9 1444.7 937.8 1220.1 505.2 849.3 231.6 1600.2
W E -0.564 100.5 78.6 -2.682 98.3 195.0 -0.639 218.6 98.1 -0.325 171.6 98.1 -0.102 125.7 94.5 0.245 218.7 115.4
D C 681.4 -422.0 1006.0 252.8 390.4 541.0 199.3 1322.5 -167.7 618.9
F 1070.350451 572.040451 0.799182
E -2.381869 44.305922 87.969508 0.195591
W C 1031.0 108.3 1849.7 725.7 1586.8 1444.9 938.4 1219.9 505.3 850.0 232.5 1600.8
W E -0.563 100.5 78.6 -2.682 97.2 193.0 -0.639 216.9 97.0 -0.327 169.6 96.9 -0.103 124.7 93.1 0.249 216.5 113.9
D C 664.2 -417.0 990.9 255.5 375.1 544.0 182.3 1319.4 -184.1 619.0
F 1101.639037 603.488667 0.796748
E -2.382015 45.445782 92.069535 0.213508
W C 1030.9 108.2 1849.3 727.1 1586.8 1445.4 939.3 1220.0 505.4 850.1 233.5 1601.5
W E -0.563 100.5 78.5 -2.682 96.1 191.1 -0.639 215.3 95.9 -0.331 167.8 95.7 -0.106 124.6 93.0 0.253 214.5 112.5
D C 632.6 -416.4 954.7 261.8 340.5 546.0 145.9 1324.3
F 1132.784441 635.028387 0.798353
E -2.381819 46.544269 96.242894 0.222417
W C 1030.8 108.1 1848.9 728.9 1586.9 1446.0 940.5 1220.3 505.5 850.0 234.5 1602.3
W E -0.563 100.5 78.5 -2.681 95.1 189.3 -0.639 213.6 94.9 -0.334 166.0 94.6 -0.107 124.6 93.0 0.257 212.5 111.2
D C 600.0 -416.4 924.3 259.6 313.0 545.7 117.1 1324.1
F 1163.822752 666.384145 0.797418
E -2.381491 47.589980 100.440275 0.226638
W C 1030.7 107.9 1848.7 730.9 1587.2 1446.8 942.1 1220.8 505.6 849.9 235.3 1603.4
W E -0.562 100.5 78.5 -2.680 94.1 187.4 -0.639 211.9 93.9 -0.338 164.4 93.4 -0.108 124.5 93.0 0.260 210.6 110.0
D C 565.1 -415.8 892.5 259.6 281.0 546.6 85.1 1335.0
F 1195.245273 697.601908 0.795645
E -2.381016 48.593031 104.657984 0.228835
W C 1030.5 107.8 1848.5 732.8 1587.4 1447.6 943.6 1221.4 505.7 849.9 236.3 1604.3
W E -0.562 100.5 78.4 -2.678 93.1 185.6 -0.639 210.3 92.9 -0.342 162.8 92.3 -0.109 124.4 92.9 0.263 208.8 108.9
D C 518.1 -408.9 845.8 268.6 232.5 552.9 27.6 1332.7
F 1195.220088 696.996283 0.794839
E -2.380620 48.344196 103.902993 0.205836
W C 1030.4 107.7 1848.2 734.1 1587.4 1448.0 944.5 1221.7 505.8 849.8 237.1 1605.0
W E -0.562 100.5 78.4 -2.677 92.2 184.0 -0.640 208.8 92.0 -0.346 161.4 91.2 -0.110 124.4 92.9 0.266 207.1 107.9
D C 506.2 -414.8 830.8 263.9 219.6 550.2 23.5 1330.5
F 1226.356981 728.062630 0.794266
E -2.380404 49.305172 108.008752 0.219335
W C 1030.3 107.5 1848.0 735.9 1587.7 1448.5 945.7 1222.2 505.9 849.8 237.8 1605.8
W E -0.562 100.5 78.4 -2.676 91.3 182.4 -0.640 207.3 91.2 -0.350 160.1 90.1 -0.110 124.3 92.9 0.269 205.4 106.9
D C 477.6 -411.3 797.6 264.2 186.2 548.0 -17.4 1336.7
F 1257.281513 759.192042 0.797603
E -2.380059 50.224205 112.182845 0.226095
W C 1030.2 107.4 1848.1 737.9 1588.0 1449.3 947.2 1222.9 506.0 849.7 238.7 1606.7
W E -0.562 100.5 78.4 -2.674 90.5 180.9 -0.640 205.8 90.3 -0.354 158.9 89.0 -0.111 124.3 92.9 0.271 203.8 106.1
D C 442.9 -413.4 768.5 265.0 157.6 551.3 -42.1 1337.7
F 1288.105486 790.061196 0.796832
E -2.379630 51.091493 116.380839 0.229405
W C 1030.0 107.2 1848.3 740.3 1588.4 1449.9 948.7 1223.9 506.1 849.6 239.5 1607.5
W E -0.561 100.4 78.4 -2.672 89.6 179.4 -0.641 204.4 89.5 -0.357 157.8 87.9 -0.111 124.2 92.9 0.273 202.3 105.2
D C 412.3 -411.7 732.1 265.1 123.6 552.2 -83.4 1341.0
F 1287.908440 789.098681 0.796440
E -2.379225 50.789140 115.674820 0.206927
W C 1029.9 107.1 1848.3 741.9 1588.7 1450.5 949.9 1224.5 506.2 849.5 240.1 1608.2
W E -0.561 100.4 78.3 -2.670 88.7 178.1 -0.641 203.1 88.7 -0.360 156.8 86.9 -0.111 124.2 92.9 0.275 200.9 104.4
D C 396.0 -412.7 718.6 267.7 109.5 552.9 -99.9 1340.5
F 1319.151510 820.126366 0.796816
E -2.378890 51.641619 119.816718 0.220947
W C 1029.7 107.0 1848.5 743.2 1588.8 1450.9 950.9 1225.1 506.3 849.5 240.5 1608.9
W E -0.561 100.4 78.3 -2.667 87.9 176.8 -0.642 201.8 87.9 -0.363 155.9 85.9 -0.112 124.1 92.9 0.277 199.5 103.7
D C 351.1 -414.0 669.9 270.9 62.8 555.0 -150.2 1344.9
F 1350.166012 850.912177 0.795112
E -2.378601 52.443357 124.020794 0.227893
W C 1029.6 106.8 1849.0 744.9 1589.2 1451.5 952.1 1225.9 506.4 849.4 240.9 1609.7
W E -0.561 100.4 78.3 -2.665 87.0 175.6 -0.643 200.5 87.2 -0.365 155.0 84.9 -0.112 124.1 92.9 0.278 198.2 103.0
D C 320.9 -415.8 639.9 270.2 31.9 553.6 -180.6 1353.2
F 1380.936453 881.628698 0.796349
E -2.378318 53.204233 128.280869 0.231598
W C 1029.4 106.7 1849.7 747.0 1589.6 1452.2 953.2 1227.0 506.4 849.3 241.6 1610.4
W E -0.561 100.4 78.3 -2.662 86.2 174.4 -0.644 199.3 86.5 -0.367 154.3 84.0 -0.113 124.1 92.9 0.280 196.9 102.4
D C 291.5 -415.9 612.0 274.1 1.3 557.3 -209.2 1346.5
F 1411.972025 912.221646 0.794372
E -2.377330 53.954594 132.857252 0.241516
W C 1029.2 106.6 1850.7 749.2 1590.5 1452.8 954.3 1228.4 506.3 849.2 241.8 1610.4
W E -0.560 100.4 78.3 -2.659 85.3 173.5 -0.645 198.3 85.8 -0.368 153.6 83.1 -0.113 124.0 92.9 0.279 196.7 102.4
D C 259.1 -419.8 579.9 274.8 -29.7 560.6
F 1412.095378 911.304287 0.791442
E -2.376799 53.583307 132.245643 0.221561
W C 1029.2 106.5 1851.0 749.6 1590.5 1453.2 954.6 1229.0 506.3 849.1 242.2 1610.5
W E -0.560 100.4 78.3 -2.657 84.5 172.7 -0.645 197.5 85.1 -0.369 153.0 82.3 -0.113 124.0 92.9 0.279 196.5 102.4
D C 214.4 -418.7 534.3 275.6 -76.7 561.9
F 1443.191949 941.766917 0.790504
E -2.376186 54.309619 136.762552 0.237024
W C 1029.0 106.5 1851.9 750.9 1591.2 1453.7 955.2 1230.0 506.3 849.1 242.3 1610.5
W E -0.560 100.4 78.3 -2.655 83.6 172.0 -0.646 196.7 84.4 -0.369 152.4 81.6 -0.113 124.0 92.9 0.279 196.4 102.4
D C 201.0 -417.5 520.5 278.7 -95.3 567.1
F 1474.437626 972.107205 0.785629
E -2.375836 54.990849 141.393572 0.245910
W C 1028.9 106.4 1852.8 752.0 1591.6 1454.2 955.5 1231.0 506.2 849.0 242.4 1610.4
W E -0.560 100.4 78.2 -2.654 82.8 171.3 -0.647 196.0 83.8 -0.370 151.9 80.9 -0.114 124.0 92.9 0.279 196.3 102.4
D C 156.5 -420.1 471.2 282.9 -139.0 568.0
F 1505.003114 1001.967659 0.785645
E -2.375825 55.629491 146.113186 0.251323
W C 1028.7 106.4 1854.5 753.8 1592.5 1454.8 955.8 1232.4 506.0 848.8 242.3 1610.3
W E -0.560 100.4 78.2 -2.652 81.9 170.7 -0.648 195.3 83.1 -0.370 151.4 80.3 -0.114 123.9 92.9 0.279 196.1 102.4
D C 142.9 -418.5 452.7 285.2 -155.2 572.6
F 1505.050706 1000.832194 0.779422
E -2.375700 55.310685 145.498868 0.235336
W C 1028.7 106.4 1855.1 754.5 1593.2 1455.3 955.8 1232.5 505.9 848.8 242.2 1610.3
W E -0.560 100.4 78.2 -2.651 81.1 170.2 -0.648 194.8 82.5 -0.371 151.3 80.2 -0.114 123.9 92.9 0.279 196.1 102.4
D C 110.2 -416.7 423.6 285.4
F 1537.025160 1031.241825 0.771168
E -2.375648 56.062545 150.334883 0.253674
W C 1028.6 106.4 1855.7 755.1 1593.7 1455.8 955.6 1232.5 505.7 848.7 242.0 1610.2
W E -0.560 100.4 78.2 -2.650 80.3 169.8 -0.648 194.4 81.9 -0.372 151.2 80.1 -0.114 123.9 92.9 0.279 196.0 102.4
D C 66.5 -419.3 375.4 287.9
F 1568.478693 1061.265331 0.766206
E -2.376012 56.762088 155.332811 0.265532
W C 1028.5 106.5 1857.0 756.2 1594.9 1456.6 955.0 1232.5 505.4 848.6 241.4 1610.1
W E -0.560 100.4 78.2 -2.650 79.5 169.4 -0.649 194.0 81.3 -0.373 151.1 80.0 -0.115 123.9 92.9 0.279 195.9 102.4
D C 49.9 -423.1 356.3 291.0
F 1599.968024 1091.262518 0.759557
E -2.377012 57.403950 160.482967 0.273607
W C 1028.4 106.6 1858.2 757.1 1596.1 1457.5 954.3 1232.4 505.1 848.5 240.9 1609.9
W E -0.560 100.4 78.2 -2.650 78.8 169.1 -0.649 193.7 80.6 -0.373 151.0 79.9 -0.115 123.9 92.8 0.279 195.8 102.4
D C 4.2 -422.5 309.2 293.0
F 1599.520314 1090.592486 0.756665
E -2.377973 57.023173 159.779670 0.254887
W C 1028.4 106.6 1858.8 757.5 1596.7 1458.2 954.0 1232.3 505.0 848.5 240.6 1609.8
W E -0.560 100.4 78.2 -2.650 78.1 168.7 -0.649 193.4 80.1 -0.374 150.9 79.9 -0.115 123.9 92.8 0.279 195.7 102.4
D C -11.4 -425.9 290.8 293.1
F 1631.145661 1120.642538 0.755682
E -2.379208 57.659165 165.011627 0.269292
W C 1028.3 106.7 1859.9 758.0 1597.5 1459.1 953.5 1232.2 504.7 848.4 240.1 1609.6
W E -0.560 100.4 78.2 -2.650 77.5 168.5 -0.649 193.2 79.4 -0.375 150.9 79.9 -0.115 123.8 92.8 0.279 195.7 102.4
D C -39.0 -426.5 257.8 295.7
F 1662.948530 1150.639791 0.751482
E -2.380932 58.224678 170.478741 0.279477
W C 1028.2 106.8 1860.8 758.3 1598.2 1460.2 953.0 1232.1 504.5 848.3 239.7 1609.5
W E -0.559 100.4 78.2 -2.651 76.9 168.2 -0.649 193.0 78.8 -0.375 150.8 79.8 -0.115 123.8 92.8 0.279 195.6 102.4
D C -86.6 -430.1 204.9 297.1
F 1693.157714 1180.867504 0.765915
E -2.382707 58.732555 176.214727 0.287930
W C 1028.1 106.8 1862.4 758.8 1599.4 1462.1 952.2 1231.9 504.2 848.2 239.0 1609.3
W E -0.559 100.4 78.2 -2.652 76.4 168.0 -0.649 192.8 78.0 -0.376 150.7 79.8 -0.116 123.8 92.8 0.279 195.6 102.4
D C -102.3 -432.3 187.1 295.9
F 1721.778240 1212.297079 0.840719
E -2.382634 59.485099 182.167181 0.302764
W C 1028.0 106.9 1864.3 758.9 1599.8 1463.6 951.4 1231.8 503.9 848.1 238.3 1609.0
W E -0.559 100.4 78.2 -2.653 76.0 167.7 -0.648 192.7 77.1 -0.376 150.7 79.8 -0.116 123.8 92.8 0.279 195.5 102.4
D C -146.8 -436.5 137.0 299.6
F 1721.772223 1210.449120 0.827216
E -2.383445 58.967069 181.434264 0.282879
W C 1028.0 107.0 1865.6 759.0 1600.0 1464.7 950.8 1231.7 503.6 848.0 237.8 1608.9
W E -0.559 100.4 78.2 -2.654 75.7 167.5 -0.647 192.5 76.5 -0.376 150.6 79.7 -0.116 123.8 92.8 0.279 195.5 102.4
D C -165.7 -434.5 126.2 295.0
F 1747.920544 1246.600684 0.926387
E -2.381951 59.915650 187.912750 0.314008
W C 1028.0 107.0 1865.7 758.7 1600.3 1465.7 950.9 1231.6 503.7 848.0 237.9 1608.9
W E -0.559 100.4 78.2 -2.654 75.6 167.5 -0.646 192.5 75.7 -0.377 150.6 79.7 -0.116 123.8 92.8 0.279 195.5 102.4
D C 111.4 279.3
F 1770.602193 1284.760057 1.027929
E -2.377805 60.595986 193.233252 0.317748
W C 1027.9 106.9 1865.8 758.0 1600.9 1466.5 951.1 1231.5 503.8 848.0 237.2 1608.9
W E -0.559 100.4 78.2 -2.652 75.4 167.3 -0.648 191.8 74.3 -0.377 150.5 79.7 -0.116 123.8 92.8 0.280 193.8 102.0
D C 87.3 262.1 -513.4 1503.6
F 1789.805604 1323.628343 1.123581
E -2.369478 61.011598 198.498929 0.322608
W C 1027.9 106.8 1865.6 757.1 1602.0 1468.3 951.4 1231.4 503.8 848.0 236.8 1608.3
W E -0.559 100.4 78.2 -2.651 75.2 167.0 -0.648 191.2 72.6 -0.377 150.5 79.7 -0.116 123.8 92.8 0.281 192.4 101.8
D C 78.5 256.7 -485.0 1510.9
F 1805.458522 1363.726524 1.218587
E -2.357162 61.294156 203.600630 0.328395
W C 1027.8 106.7 1865.4 756.0 1603.1 1470.2 951.7 1231.3 503.9 847.9 236.3 1607.7
W E -0.559 100.4 78.2 -2.649 75.0 166.8 -0.648 190.7 70.9 -0.378 150.4 79.7 -0.116 123.7 92.8 0.282 191.1 101.6
D C 53.9 237.6 -385.1 1552.8
F 1806.151469 1362.551288 1.217532
E -2.357709 60.927516 201.926026 0.304707
W C 1027.8 106.7 1865.3 755.4 1603.8 1471.1 951.8 1231.3 504.0 847.9 235.9 1607.4
W E -0.559 100.4 78.2 -2.648 74.9 166.6 -0.649 190.3 69.6 -0.378 150.4 79.6 -0.116 123.7 92.8 0.284 190.1 101.4
D C 44.0 233.1 -357.2 1562.8
F 1818.051966 1403.872730 1.312362
E -0.772028 206.706208 61.227689 0.319837
W C 1027.8 106.6 1865.1 754.6 1604.6 1472.4 952.1 1231.2 504.1 847.9 235.5 1606.9
W E -0.559 100.4 78.2 -2.646 74.7 166.5 -0.648 189.9 68.3 -0.378 150.3 79.6 -0.116 123.7 92.8 0.286 189.1 101.2
D C 28.3 225.5 -276.6 1587.1
F 1824.845320 1447.226616 1.416022
E -0.751463 212.979846 61.789628 0.355814
W C 1027.8 106.5 1865.0 753.8 1604.8 1473.9 952.4 1231.1 504.2 847.9 235.9 1606.9
W E -0.559 100.4 78.2 -2.645 74.6 166.4 -0.646 189.8 67.5 -0.378 150.3 79.6 -0.116 123.7 92.8 0.286 189.0 101.2
D C 12.0 220.5
F 1827.129548 1489.690069 1.520590
E -0.725760 219.345609 62.843348 0.386914
W C 1027.7 106.4 1864.9 752.9 1604.8 1475.4 952.7 1231.0 504.4 847.9 236.5 1607.0
W E -0.559 100.4 78.2 -2.644 74.5 166.3 -0.644 189.6 66.9 -0.378 150.2 79.6 -0.116 123.7 92.8 0.285 189.0 101.2
D C -3.5 218.5
F 1825.040494 1533.354836 1.617822
E -0.693823 226.045685 64.817428 0.415693
W C 1027.7 106.4 1864.9 752.3 1604.7 1476.3 953.0 1230.9 504.5 847.9 237.0 1607.2
W E -0.559 100.4 78.2 -2.643 74.4 166.2 -0.643 189.5 66.6 -0.378 150.2 79.6 -0.116 123.7 92.8 0.285 188.8 101.2
D C -31.5 220.8
F 1825.040494 1533.354836 1.617822
E -0.693823 226.045685 64.817428 0.415693
W C 1027.7 106.4 1864.9 752.3 1604.7 1476.3 953.0 1230.9 504.5 847.9 237.0 1607.2
W E -0.559 100.4 78.2 -2.643 74.4 166.2 -0.643 189.5 66.6 -0.378 150.2 79.6 -0.116 123.7 92.8 0.285 188.8 101.2
D C
F 1822.735093 1574.802106 1.752626
E -0.667146 229.179559 67.662925 0.409310
W C 1027.7 106.3 1864.5 751.7 1605.8 1477.3 953.0 1230.9 504.5 847.9 236.4 1606.3
W E -0.559 100.4 78.2 -2.643 74.3 166.1 -0.644 189.2 66.0 -0.379 150.2 79.6 -0.116 123.7 92.8 0.287 188.0 101.1
D C 122.1 1605.2
F 1815.759484 1614.003366 1.891246
E -0.641060 231.589503 70.829555 0.406999
W C 1027.7 106.3 1864.2 751.2 1606.8 1478.3 953.1 1230.9 504.5 847.9 236.2 1605.5
W E -0.559 100.4 78.2 -2.642 74.3 166.0 -0.645 189.0 65.7 -0.379 150.1 79.6 -0.117 123.7 92.8 0.288 187.3 101.0
D C 253.5 1583.1
F 1786.693527 1651.364333 2.121991
E -0.613078 234.656706 74.159036 0.406742
W C 1027.7 106.5 1864.6 750.8 1608.1 1477.3 953.6 1231.2 501.8 848.7 235.9 1604.6
W E -0.559 100.4 78.2 -2.642 74.2 166.0 -0.645 188.9 65.4 -0.379 150.1 79.6 -0.125 123.1 92.4 0.287 187.2 100.9
D C 310.7 1567.9
F 1796.226242 1651.870281 2.063711
E -0.626554 231.437362 71.673420 0.342562
W C 1027.6 106.4 1864.4 750.9 1607.8 1478.5 954.7 1230.0 501.7 849.3 235.8 1604.1
W E -0.558 100.4 78.2 -2.642 74.2 165.9 -0.647 188.5 65.1 -0.379 149.7 79.2 -0.125 123.1 92.4 0.287 186.4 100.8
D C 493.5 1497.5 -73.5 911.2
F 1780.108726 1685.681679 2.151296
E -0.606617 231.916754 73.127603 0.332663
W C 1027.6 106.4 1864.3 750.9 1607.5 1479.3 956.0 1229.3 501.6 849.7 235.6 1603.5
W E -0.558 100.4 78.2 -2.641 74.1 165.8 -0.648 188.2 64.8 -0.380 149.4 78.8 -0.125 123.1 92.4 0.287 185.7 100.6
D C 546.3 1473.2 -45.1 905.1
F 1758.631258 1718.782158 2.245807
E -0.590046 231.695600 73.662731 0.309545
W C 1027.6 106.3 1864.1 751.0 1606.9 1479.8 956.5 1229.5 502.5 849.2 235.4 1603.5
W E -0.558 100.4 78.1 -2.641 74.1 165.8 -0.650 187.9 64.5 -0.381 149.1 78.5 -0.133 122.6 92.0 0.286 185.0 100.4
D C 718.3 1366.3 51.8 899.4 -70.7 1510.6
F 1731.375376 1748.093417 2.357509
E -0.569499 231.900334 75.036135 0.314033
W C 1027.6 106.3 1864.1 750.9 1606.7 1479.9 957.5 1229.6 502.4 849.5 235.0 1602.8
W E -0.558 100.4 78.1 -2.640 74.1 165.7 -0.651 187.7 64.3 -0.381 148.8 78.2 -0.133 122.6 92.0 0.286 184.4 100.3
D C 821.0 1281.3 108.2 882.4
F 1731.950953 1748.805419 2.346486
E -0.575342 230.544852 73.548545 0.284403
W C 1027.6 106.3 1864.2 751.0 1606.4 1479.9 958.1 1229.8 502.4 849.6 234.8 1602.3
W E -0.558 100.4 78.1 -2.640 74.0 165.7 -0.652 187.5 64.2 -0.382 148.5 77.9 -0.133 122.6 91.9 0.286 183.8 100.1
D C 865.4 1230.7 138.0 879.0
F 1698.338486 1773.426858 2.484067
E -0.554296 230.608861 74.763524 0.301116
W C 1027.6 106.3 1864.2 751.0 1606.0 1479.8 958.7 1230.1 502.3 849.6 234.6 1601.9
W E -0.558 100.4 78.1 -2.640 74.0 165.6 -0.652 187.4 64.1 -0.383 148.2 77.6 -0.133 122.6 91.9 0.286 183.3 100.0
D C 990.5 1087.7 221.3 842.1
F 1664.857185 1794.589181 2.592848
E -0.533506 230.117557 76.084935 0.306297
W C 1027.6 106.3 1864.2 751.0 1605.9 1479.7 959.3 1230.5 502.3 849.7 234.1 1601.2
W E -0.558 100.4 78.1 -2.639 74.0 165.6 -0.653 187.2 64.0 -0.384 148.0 77.3 -0.133 122.6 91.9 0.286 182.8 99.8
D C 1034.3 1035.8 249.3 824.2
F 1626.744243 1811.770232 2.725278
E -0.511860 229.260889 77.647543 0.314102
W C 1027.6 106.3 1864.2 750.9 1605.8 1479.6 959.9 1230.9 502.3 849.7 233.9 1600.7
W E -0.558 100.4 78.1 -2.639 74.0 165.5 -0.654 187.1 63.9 -0.384 147.7 77.0 -0.133 122.5 91.9 0.286 182.4 99.7
D C 1117.9 868.2 321.9 778.7
F 1588.468026 1824.618688 2.842503
E -0.491217 227.898740 79.190148 0.315170
W C 1027.6 106.3 1864.3 750.8 1605.7 1479.4 960.3 1231.4 502.3 849.8 233.5 1600.0
W E -0.558 100.4 78.1 -2.639 73.9 165.5 -0.654 187.0 63.8 -0.385 147.5 76.7 -0.133 122.5 91.9 0.285 181.9 99.5
D C 1169.4 756.9 368.4 738.9
F 1588.395276 1825.270162 2.834673
E -0.495206 227.052955 77.444976 0.284195
W C 1027.6 106.3 1864.3 750.8 1605.6 1479.3 960.7 1231.8 502.2 849.8 233.3 1599.5
W E -0.558 100.4 78.1 -2.639 73.9 165.5 -0.655 186.9 63.7 -0.385 147.3 76.5 -0.133 122.5 91.9 0.285 181.5 99.4
D C 1186.4 692.7 388.9 718.3
F 1546.601358 1830.904921 2.977111
E -0.474684 225.428182 78.797573 0.299575
W C 1027.6 106.3 1864.3 750.8 1605.4 1479.1 961.1 1232.3 502.2 849.8 233.1 1599.0
W E -0.558 100.4 78.1 -2.638 73.9 165.5 -0.655 186.8 63.6 -0.385 147.1 76.2 -0.133 122.5 91.9 0.285 181.1 99.3
D C 1228.1 496.6 441.6 640.4
F 1506.294992 1833.411249 3.098790
E -0.455172 223.261380 80.229243 0.308041
W C 1027.6 106.3 1864.3 750.7 1605.4 1478.9 961.5 1232.9 502.2 849.8 232.7 1598.3
W E -0.558 100.4 78.1 -2.638 73.9 165.4 -0.656 186.7 63.5 -0.385 146.9 75.9 -0.134 122.5 91.9 0.285 180.8 99.1
D C 1241.8 441.1 458.4 619.1
F 1465.345576 1829.938984 -3.056515
E -0.437008 220.704957 81.619967 0.310714
W C 1027.6 106.3 1864.3 750.6 1605.5 1478.7 961.9 1233.5 502.2 849.8 232.3 1597.7
W E -0.558 100.4 78.1 -2.638 73.9 165.4 -0.656 186.6 63.5 -0.385 146.7 75.6 -0.134 122.5 91.9 0.285 180.4 99.0
D C 1244.9 232.8 503.6 533.0
F 1463.559262 1828.400444 -3.047197
E -0.439419 220.056249 79.936231 0.280452
W C 1027.6 106.3 1864.3 750.6 1605.2 1478.6 962.2 1234.1 502.2 849.7 232.4 1597.2
W E -0.558 100.4 78.1 -2.638 73.8 165.4 -0.656 186.5 63.4 -0.385 146.4 75.4 -0.134 122.5 91.9 0.285 180.1 98.8
D C 1219.6 102.2 521.9 470.9
F 1418.772441 1819.265297 -2.999933
E -0.420303 217.051328 80.480717 0.270954
W C 1027.7 107.1 1864.2 750.2 1605.3 1478.0 962.3 1234.4 502.0 849.7 232.0 1596.4
W E -0.556 100.2 77.9 -2.638 73.8 165.4 -0.657 186.4 63.3 -0.384 146.2 75.1 -0.134 122.5 91.9 0.284 179.7 98.5
D C 1209.0 41.7 528.2 442.3 598.4 1583.6
F 1374.871916 1806.971397 -2.963402
E -0.400142 213.749442 81.711439 0.266980
W C 1027.9 107.0 1863.5 750.6 1605.7 1477.8 962.5 1234.9 502.0 849.7 232.3 1596.0
W E -0.556 100.2 77.9 -2.639 73.7 165.0 -0.657 186.3 63.2 -0.384 145.9 74.8 -0.134 122.5 91.9 0.284 179.4 98.4
D C 1155.2 -77.2 513.9 389.1 -227.3 1102.7
F 1332.709942 1793.198272 -2.931484
E -0.380033 210.433197 82.936128 0.264589
W C 1028.0 106.9 1862.9 750.7 1606.4 1477.6 962.6 1235.3 502.1 849.7 232.4 1595.5
W E -0.556 100.2 77.9 -2.640 73.6 164.7 -0.657 186.2 63.2 -0.383 145.6 74.6 -0.134 122.5 91.9 0.284 179.0 98.2
D C 1138.0 -104.2 504.8 377.4 -217.7 1107.8
F 1291.192843 1778.138241 -2.898473
E -0.360188 207.123355 84.097839 0.262629
W C 1028.1 106.8 1862.5 750.8 1606.9 1477.4 962.4 1235.8 502.1 849.7 232.5 1595.1
W E -0.556 100.2 77.9 -2.640 73.4 164.4 -0.658 186.2 63.1 -0.383 145.3 74.3 -0.134 122.5 91.9 0.285 178.7 98.0
D C 1079.7 -145.8 471.7 359.5 -234.2 1119.0
F 1291.796260 1774.774960 -2.881739
E -0.360613 206.268559 82.573237 0.239627
W C 1028.2 106.8 1862.3 750.9 1607.1 1477.2 962.4 1236.3 502.1 849.7 232.7 1594.8
W E -0.556 100.2 77.9 -2.641 73.3 164.1 -0.658 186.1 63.1 -0.382 145.0 74.1 -0.134 122.5 91.9 0.285 178.4 97.8
D C 1061.5 -150.0 458.2 358.1 -251.2 1114.9
F 1248.974726 1760.328158 -2.865768
E -0.340493 202.879679 83.677169 0.250159
W C 1028.2 106.8 1862.2 751.0 1607.2 1477.0 962.2 1236.9 502.1 849.7 232.7 1594.5
W E -0.556 100.2 77.9 -2.642 73.2 163.8 -0.658 186.0 63.0 -0.381 144.7 73.8 -0.134 122.5 91.9 0.285 178.1 97.6
D C 1016.0 -149.9 411.8 358.0 -302.9 1118.1
F 1206.659840 1744.699323 -2.851360
E -0.319715 199.536018 84.034579 0.247161
W C 1028.2 107.3 1862.1 750.9 1607.6 1476.5 962.0 1237.2 502.0 849.7 232.7 1593.9
W E -0.553 99.9 77.6 -2.643 73.1 163.6 -0.658 185.9 62.9 -0.380 144.3 73.6 -0.134 122.5 91.9 0.285 177.8 97.2
D C 985.4 -154.7 381.6 355.0 618.0 1482.2 -325.8 1120.5
F 1165.582931 1729.466523 -2.837945
E -0.298824 196.235579 85.210416 0.254206
W C 1028.3 107.2 1861.9 750.8 1608.2 1476.3 961.6 1237.8 502.0 849.7 232.9 1593.6
W E -0.553 99.9 77.6 -2.644 73.0 163.3 -0.659 185.8 62.9 -0.379 144.0 73.3 -0.134 122.5 91.9 0.286 177.5 97.0
D C 965.4 -154.6 363.7 357.6 -338.5 1125.2
F 1125.272826 1715.209316 -2.832821
E -0.280170 192.790777 85.100734 0.247597
W C 1028.3 107.3 1861.7 750.6 1608.9 1476.1 961.1 1238.6 501.9 849.2 233.2 1593.7
W E -0.553 99.9 77.6 -2.645 72.9 163.1 -0.659 185.7 62.8 -0.378 143.5 73.0 -0.137 122.0 91.2 0.284 177.0 96.6
D C 920.6 -156.1 865.4 667.9 316.4 356.2 -393.2 1128.9
F 1125.154917 1714.786221 -2.832637
E -0.284386 192.010812 82.914747 0.227276
W C 1028.3 107.2 1861.7 750.5 1608.9 1475.9 960.7 1239.2 502.3 848.9 233.1 1593.6
W E -0.553 99.9 77.6 -2.645 72.8 163.0 -0.659 185.6 62.7 -0.377 143.2 72.7 -0.140 121.6 90.5 0.283 176.6 96.2
D C 887.6 -156.1 828.7 664.3 284.4 355.9
F 1082.939190 1700.796357 -2.829752
E -0.265163 188.908795 82.999217 0.241249
W C 1028.3 107.2 1861.7 750.4 1609.0 1475.8 960.3 1239.9 502.6 848.5 233.2 1593.5
W E -0.553 99.9 77.6 -2.645 72.8 163.0 -0.660 185.6 62.7 -0.376 142.8 72.4 -0.143 121.2 89.8 0.281 176.1 95.8
D C 850.6 -157.7 797.1 663.4 250.3 355.9
F 1041.900703 1686.955904 -2.827158
E -0.245763 185.945667 83.133889 0.248151
W C 1028.3 107.2 1861.7 750.2 1609.3 1475.7 959.8 1240.5 502.9 848.1 233.3 1593.6
W E -0.552 99.9 77.6 -2.644 72.8 163.0 -0.660 185.5 62.6 -0.375 142.5 72.1 -0.145 120.8 89.2 0.280 175.7 95.3
D C 818.5 -162.2 765.7 657.4 220.1 357.8
F 1001.988238 1672.973229 -2.820290
E -0.225562 183.060199 83.372724 0.252437
W C 1028.3 107.3 1861.7 749.8 1610.0 1475.5 958.9 1241.2 503.0 847.5 233.7 1593.9
W E -0.552 99.9 77.6 -2.644 72.8 162.9 -0.660 185.5 62.5 -0.375 142.1 71.9 -0.146 120.5 88.7 0.279 175.3 94.9
D C 802.3 -166.7 749.5 655.6 206.9 358.1
F 1001.524157 1673.035916 -2.823660
E -0.229466 182.398313 81.504828 0.231353
W C 1028.3 107.2 1861.7 749.7 1610.0 1475.4 958.8 1241.6 503.4 847.2 233.4 1593.9
W E -0.552 99.9 77.6 -2.644 72.7 162.9 -0.661 185.4 62.5 -0.374 141.8 71.6 -0.148 120.1 88.1 0.278 175.0 94.5
D C 758.5 -167.3 700.8 660.0 156.1 358.9
F 960.208481 1659.295258 -2.823121
E -0.208148 179.685243 81.778593 0.243999
W C 1028.3 107.2 1861.6 749.5 1610.3 1475.3 958.3 1242.2 503.7 846.8 233.5 1594.0
W E -0.552 99.9 77.6 -2.644 72.7 162.9 -0.661 185.4 62.4 -0.374 141.5 71.4 -0.149 119.7 87.6 0.277 174.6 94.0
D C 739.3 -167.8 679.8 660.2 139.5 359.2
F 918.343717 1645.552690 -2.823646
E -0.186415 177.087269 82.168381 0.250999
W C 1028.3 107.2 1861.6 749.4 1610.5 1475.2 957.9 1242.6 504.1 846.3 233.4 1594.3
W E -0.552 99.8 77.6 -2.644 72.7 162.9 -0.661 185.3 62.4 -0.374 141.2 71.1 -0.150 119.4 87.0 0.276 174.2 93.6
D C 693.8 -171.0 631.8 664.6 94.7 360.3
F 877.431585 1632.040111 -2.822366
E -0.164577 174.641078 82.608513 0.254280
W C 1028.3 107.2 1861.6 749.1 1610.9 1475.0 957.4 1243.0 504.4 846.0 233.4 1594.5
W E -0.552 99.8 77.6 -2.644 72.7 162.9 -0.661 185.3 62.3 -0.374 140.9 70.8 -0.150 119.0 86.5 0.275 173.9 93.1
D C 666.3 -170.7 595.6 658.1 63.8 362.6
F 837.754893 1618.618966 -2.815764
E -0.142157 172.319541 83.110270 0.256285
W C 1028.3 107.2 1861.6 748.7 1611.6 1474.9 956.7 1243.2 504.7 845.6 233.7 1594.9
W E -0.552 99.8 77.6 -2.644 72.7 162.8 -0.661 185.2 62.3 -0.375 140.7 70.6 -0.150 118.6 86.0 0.274 173.6 92.7
D C 648.8 -174.7 583.1 656.4 47.9 363.1
F 837.584662 1618.866584 -2.819760
E -0.145942 171.785126 81.087646 0.234377
W C 1028.3 107.2 1861.6 748.7 1611.6 1474.8 956.7 1243.5 505.1 845.3 233.3 1595.0
W E -0.552 99.8 77.6 -2.644 72.7 162.8 -0.662 185.2 62.3 -0.375 140.4 70.3 -0.149 118.3 85.5 0.273 173.3 92.2
D C 603.7 -176.6 536.2 654.4 -0.3 365.0
F 795.869197 1604.817985 -2.806967
E -0.122557 169.609912 81.608435 0.246337
W C 1028.3 107.2 1861.6 748.5 1611.7 1474.7 956.5 1243.8 505.5 845.0 233.0 1595.0
W E -0.552 99.8 77.6 -2.644 72.7 162.8 -0.662 185.2 62.2 -0.376 140.2 70.0 -0.149 117.9 85.0 0.272 173.0 91.7
D C 570.1 -174.4 500.0 654.1 -32.9 366.1
F 754.671848 1589.431572 -2.741287
E -0.098859 167.446220 82.256167 0.260650
W C 1028.3 107.1 1861.6 748.2 1612.1 1474.5 956.3 1244.3 505.9 844.8 232.5 1594.8
W E -0.552 99.8 77.6 -2.644 72.7 162.8 -0.662 185.1 62.2 -0.376 140.0 69.7 -0.148 117.6 84.5 0.272 172.7 91.3
D C 540.6 -176.3 467.2 651.6 -64.7 364.7
F 716.527490 1571.647351 -2.631587
E -0.075973 165.206310 82.967691 0.280345
W C 1028.3 107.1 1861.6 747.8 1612.6 1474.2 955.9 1245.0 506.5 844.7 232.1 1594.4
W E -0.552 99.8 77.6 -2.644 72.7 162.8 -0.662 185.1 62.2 -0.377 139.9 69.4 -0.147 117.2 84.1 0.271 172.5 90.8
D C 495.0 -211.8 473.4 623.2 -72.1 366.8
F 715.961703 1574.140082 -2.655367
E -0.079726 164.811248 80.909235 0.250844
W C 1028.3 107.0 1861.6 747.7 1612.7 1474.0 955.7 1245.4 507.0 844.4 231.6 1594.4
W E -0.552 99.8 77.6 -2.644 72.7 162.8 -0.662 185.1 62.2 -0.377 139.7 69.2 -0.146 116.8 83.6 0.270 172.2 90.3
D C 467.3 -233.0 477.6 609.1 -77.0 367.7
F 679.958339 1548.950938 -2.515641
E -0.055518 162.339712 81.079304 0.269288
W C 1028.9 107.4 1861.5 747.3 1612.8 1473.7 955.3 1245.6 507.1 844.2 231.1 1594.7
W E -0.549 99.3 77.4 -2.644 72.7 162.8 -0.662 185.0 62.1 -0.377 139.6 68.8 -0.144 116.4 83.1 0.268 172.0 89.6
D C 384.1 -301.2 513.5 530.3 421.7 1394.0 -68.8 368.2
F 649.675681 1520.846441 -2.393450
E -0.037260 159.591311 80.961340 0.267421
W C 1029.0 107.7 1861.5 747.1 1612.9 1473.4 955.1 1245.8 507.3 843.9 230.5 1594.8
W E -0.546 98.8 77.3 -2.644 72.6 162.7 -0.662 185.0 62.1 -0.377 139.4 68.4 -0.141 115.9 82.6 0.266 171.7 88.8
D C 292.0 -357.5 542.5 445.9 577.0 1315.3 -59.0 372.3
F 622.573634 1492.779121 -2.303915
E -0.022574 156.585219 80.801246 0.263746
W C 1029.1 108.1 1861.4 746.7 1613.2 1473.2 954.9 1246.0 507.5 843.6 229.8 1594.7
W E -0.543 98.4 77.2 -2.644 72.6 162.7 -0.662 185.0 62.1 -0.377 139.3 68.0 -0.139 115.5 82.2 0.265 171.5 88.1
D C 255.9 -377.3 547.0 414.2 621.5 1275.8 -54.4 372.7
F 622.495624 1491.776141 -2.302675
E -0.026116 156.188403 79.185287 0.239657
W C 1029.1 108.0 1861.4 746.7 1613.1 1473.1 954.9 1246.3 507.8 843.2 229.4 1594.9
W E -0.543 98.3 77.2 -2.644 72.6 162.7 -0.662 185.0 62.0 -0.377 139.2 67.7 -0.138 115.1 81.7 0.264 171.3 87.6
D C 187.9 -402.9 556.5 357.8 -47.5 373.2
F 600.227912 1457.267210 -2.174160
E -0.012559 153.067656 79.286827 0.253812
W C 1029.0 108.5 1861.4 746.5 1613.2 1472.9 954.8 1246.5 508.0 842.8 228.8 1594.7
W E -0.541 97.9 77.0 -2.644 72.6 162.7 -0.662 184.9 62.0 -0.377 139.0 67.3 -0.136 114.6 81.3 0.262 171.1 86.9
D C 120.7 -424.8 560.1 299.9 791.8 1126.0 -41.8 374.4
F 582.196045 1421.719401 -2.061540
E -0.003633 149.786394 79.353352 0.257710
W C 1028.8 108.9 1861.4 746.3 1613.4 1472.7 954.9 1246.7 508.2 842.4 228.1 1594.5
W E -0.538 97.4 76.9 -2.643 72.6 162.7 -0.662 184.9 62.0 -0.377 138.9 66.9 -0.134 114.2 80.9 0.260 170.9 86.3
D C 45.3 -442.5 558.3 237.8 874.6 1034.6 -34.7 373.1
F 567.969369 1386.077439 -1.956068
E -0.001126 146.484779 80.066802 0.274041
W C 1028.3 108.9 1861.5 746.1 1613.8 1472.6 955.1 1247.0 508.9 842.0 226.9 1594.0
W E -0.539 97.4 76.9 -2.643 72.6 162.7 -0.663 184.9 62.0 -0.377 138.8 66.6 -0.133 113.8 80.5 0.259 170.7 85.9
D C 8.6 -446.6 556.9 207.5 -31.4 374.2
F 558.943334 1352.541566 -1.835419
E 0.002237 143.192762 80.005116 0.260219
W C 1028.4 109.3 1861.3 746.1 1614.1 1472.5 955.2 1247.0 508.8 841.6 226.2 1594.1
W E -0.537 96.9 76.8 -2.645 72.4 162.4 -0.663 184.9 62.0 -0.376 138.6 66.1 -0.131 113.2 80.1 0.257 170.4 85.3
D C -104.3 -453.2 534.5 120.4 998.4 846.7 194.9 1410.6 -21.0 374.8
F 561.420461 1350.804069 -1.821733
E 0.003708 142.370518 78.346260 0.220684
W C 1028.2 109.7 1861.1 745.8 1613.9 1472.1 955.6 1247.7 509.3 841.2 225.5 1593.4
W E -0.536 96.5 76.6 -2.646 72.2 162.2 -0.663 184.7 61.8 -0.375 138.4 65.6 -0.129 112.6 79.7 0.256 170.1 84.7
D C -178.0 -446.0 512.5 55.6 1055.3 725.2 322.9 1383.0 -9.3 369.3 -318.6 961.9
F 561.396024 1313.295267 -1.644062
E 0.003157 138.944558 78.960125 0.244415
W C 1028.2 110.0 1861.0 745.7 1613.5 1472.0 955.6 1248.2 509.5 840.8 225.8 1593.1
W E -0.535 96.0 76.5 -2.648 72.0 162.0 -0.663 184.6 61.7 -0.374 138.3 65.2 -0.128 111.9 79.4 0.254 170.0 84.3
D C 488.7 -19.1 1115.7 575.6 473.2 1325.7 13.1 361.8 -220.7 993.5
F 565.698963 1276.789486 -1.486807
E -0.005792 135.659867 79.142372 0.259155
W C 1028.2 110.4 1860.7 745.6 1613.6 1471.8 955.3 1248.6 509.6 840.3 226.0 1593.2
W E -0.535 95.6 76.4 -2.649 71.8 161.8 -0.663 184.6 61.7 -0.373 138.1 64.7 -0.126 111.3 79.0 0.253 170.0 84.0
D C 456.0 -83.1 1153.1 425.6 612.4 1247.4 33.3 351.8
F 577.429549 1241.222850 -1.313365
E -0.025548 132.676754 79.323486 0.276561
W C 1028.3 110.4 1860.4 745.7 1613.7 1471.8 955.1 1249.3 509.7 839.9 226.1 1593.0
W E -0.535 95.6 76.3 -2.650 71.6 161.6 -0.663 184.6 61.7 -0.372 138.0 64.4 -0.125 110.8 78.7 0.252 169.9 83.8
D C 388.3 -177.5 791.3 1096.5 58.8 334.4
F 579.465574 1239.868380 -1.301494
E -0.019221 132.111620 78.192306 0.240301
W C 1028.1 110.7 1860.2 745.6 1613.8 1471.7 955.1 1249.9 509.5 839.6 226.2 1592.2
W E -0.535 95.1 76.2 -2.652 71.5 161.4 -0.663 184.6 61.7 -0.371 137.9 64.0 -0.123 110.2 78.4 0.251 169.9 83.5
D C 361.4 -204.4 1167.8 112.3 848.8 1048.9 66.9 327.2
F 598.418037 1205.622294 -1.116680
E -0.046460 129.215139 77.604464 0.261435
W C 1028.1 111.1 1860.0 745.5 1614.0 1471.5 954.9 1250.5 509.2 839.2 226.3 1591.8
W E -0.535 94.7 76.1 -2.653 71.3 161.3 -0.663 184.6 61.7 -0.369 137.8 63.6 -0.119 109.6 78.1 0.250 169.8 83.2
D C 299.1 -257.6 1139.5 -48.1 958.3 919.4 80.4 309.7
F 620.698754 1175.659483 -0.957554
E -0.076955 126.855769 76.479513 0.266533
W C 1028.3 111.5 1859.8 745.3 1614.1 1471.4 954.6 1251.0 509.0 838.8 226.5 1591.7
W E -0.535 94.3 75.9 -2.654 71.1 161.1 -0.663 184.6 61.6 -0.367 137.6 63.2 -0.114 108.9 77.7 0.249 169.8 82.9
D C 230.0 -296.1 1093.5 -195.8 1039.4 787.0 91.0 291.0
F 645.820129 1149.793346 -0.813752
E -0.107107 124.969969 75.081407 0.266339
W C 1028.4 111.8 1859.7 745.1 1614.2 1471.3 954.2 1251.4 508.9 838.3 226.7 1591.8
W E -0.536 93.9 75.8 -2.655 70.9 160.9 -0.663 184.5 61.6 -0.365 137.4 62.8 -0.107 108.3 77.4 0.249 169.7 82.6
D C 160.0 -329.9 1025.6 -345.0 1108.0 642.3 100.3 272.9
F 672.722796 1124.862956 -0.736868
E -0.134943 123.174810 73.518757 0.256986
W C 1028.4 112.0 1859.6 744.9 1614.2 1471.3 953.8 1251.5 509.0 837.4 227.0 1592.6
W E -0.536 93.6 75.7 -2.656 70.7 160.8 -0.663 184.5 61.6 -0.363 137.3 62.5 -0.099 107.7 77.0 0.248 169.7 82.4
D C 126.2 -345.2 988.0 -411.9 1127.3 564.2 103.5 264.0
F 676.361227 1125.359226 -0.707649
E -0.129610 122.484260 72.437460 0.227573
W C 1028.5 112.2 1859.6 744.6 1614.3 1471.2 953.6 1252.1 508.9 837.3 227.0 1592.2
W E -0.537 93.2 75.5 -2.657 70.5 160.6 -0.663 184.5 61.6 -0.361 137.1 62.1 -0.092 107.2 76.6 0.247 169.6 82.2
D C 21.0 -374.4 861.3 -590.0 1181.2 351.4 111.6 238.2
F 715.180575 1098.909509 -0.661112
E -0.162623 120.660470 71.108521 0.234836
W C 1028.5 112.3 1859.6 744.3 1614.3 1471.1 953.5 1252.3 509.1 837.2 226.9 1591.9
W E -0.538 92.8 75.4 -2.658 70.3 160.5 -0.663 184.5 61.6 -0.359 136.9 61.8 -0.084 106.7 76.1 0.247 169.6 82.0
D C -50.1 -379.6 773.3 -670.2 1165.1 240.1 99.6 227.0
F 755.123453 1076.966820 -0.602477
E -0.195762 119.012500 69.998818 0.230773
W C 1028.7 112.6 1859.6 744.0 1614.5 1470.0 953.0 1253.3 509.9 836.7 226.7 1592.0
W E -0.539 92.5 75.2 -2.658 70.1 160.3 -0.663 184.4 61.4 -0.356 136.5 61.5 -0.077 106.2 75.6 0.246 169.5 81.9
D C -106.3 -380.6 702.3 -697.0 1136.0 194.4 558.8 694.9 69.4 222.0
F 795.012664 1056.980130 -0.557373
E -0.231985 117.809969 69.500628 0.234634
W C 1028.8 112.8 1859.6 743.6 1614.7 1469.1 952.7 1254.0 510.9 836.0 226.4 1592.2
W E -0.541 92.1 75.1 -2.659 70.0 160.2 -0.663 184.3 61.3 -0.353 136.2 61.3 -0.073 105.9 75.5 0.246 169.5 81.8
D C 638.2 -720.6 1103.8 147.3 549.8 679.4 42.0 219.2
F 798.998633 1057.950569 -0.541278
E -0.234623 117.227017 68.514273 0.212929
W C 1028.7 113.1 1859.3 743.3 1614.4 1468.6 951.1 1255.7 512.9 835.0 226.4 1591.9
W E -0.542 91.8 74.9 -2.660 69.8 160.0 -0.663 184.1 61.1 -0.351 135.8 61.1 -0.069 105.7 75.4 0.246 169.5 81.7
D C 583.9 -723.9 1056.0 144.2 505.9 678.8 -5.6 223.2
F 840.763465 1036.712910 -0.521674
E -0.274562 116.362775 68.108951 0.227754
W C 1028.8 113.4 1859.1 743.0 1614.3 1468.0 950.3 1256.5 514.0 834.5 226.4 1591.8
W E -0.543 91.5 74.8 -2.661 69.6 159.9 -0.663 184.0 61.0 -0.350 135.5 60.9 -0.067 105.5 75.4 0.245 169.4 81.6
D C 568.0 -722.2 1029.5 143.8 487.8 675.9 -21.7 225.9
F 881.514262 1016.724720 -0.500354
E -0.314608 115.893091 68.093385 0.238025
W C 1029.1 113.6 1859.0 742.7 1614.2 1467.6 949.9 1257.0 514.4 834.3 226.4 1591.9
W E -0.545 91.2 74.6 -2.661 69.4 159.7 -0.663 183.9 60.8 -0.349 135.4 60.8 -0.065 105.4 75.3 0.245 169.4 81.6
D C 539.2 -725.9 994.3 145.1 452.1 682.3
F 922.076985 997.318455 -0.485931
E -0.355488 115.599406 68.303806 0.243223
W C 1029.5 113.8 1858.9 742.4 1614.2 1467.2 949.6 1257.3 514.5 834.2 226.3 1592.0
W E -0.548 90.9 74.5 -2.662 69.2 159.6 -0.663 183.7 60.7 -0.349 135.3 60.8 -0.064 105.3 75.3 0.245 169.4 81.5
D C 502.1 -721.1 959.5 143.1 423.8 679.6
F 923.292245 998.249043 -0.477496
E -0.359673 115.280461 67.129969 0.221435
W C 1029.7 114.0 1858.6 742.3 1613.9 1467.0 949.6 1257.4 514.9 834.0 226.4 1591.9
W E -0.550 90.6 74.3 -2.663 69.0 159.5 -0.663 183.6 60.6 -0.349 135.2 60.7 -0.062 105.2 75.2 0.245 169.4 81.5
D C 472.7 -720.6 927.4 144.1 389.9 684.6
F 963.543507 979.000858 -0.468653
E -0.400725 115.207855 67.274029 0.234281
W C 1030.0 114.3 1858.4 742.1 1613.8 1466.8 949.6 1257.6 515.0 834.0 226.4 1592.0
W E -0.552 90.4 74.2 -2.663 68.9 159.3 -0.663 183.5 60.4 -0.348 135.2 60.6 -0.061 105.1 75.2 0.245 169.4 81.4
D C 439.7 -722.3 894.6 141.8 365.5 685.0
F 1004.048948 959.797042 -0.460347
E -0.442693 115.296566 67.657326 0.241508
W C 1030.4 114.4 1858.2 741.9 1613.7 1466.6 949.5 1257.7 515.0 834.0 226.4 1592.1
W E -0.555 90.1 74.0 -2.664 68.7 159.2 -0.663 183.4 60.3 -0.348 135.2 60.6 -0.060 105.0 75.2 0.244 169.4 81.4
D C 408.0 -724.1 862.3 144.8 327.5 688.2
F 1044.489726 940.429794 -0.458695
E -0.485193 115.529280 68.202264 0.245126
W C 1030.8 114.6 1858.0 741.7 1613.6 1466.4 949.4 1257.7 515.0 834.0 226.4 1592.1
W E -0.558 89.8 73.8 -2.664 68.5 159.0 -0.663 183.2 60.2 -0.348 135.1 60.5 -0.059 104.9 75.1 0.244 169.4 81.3
D C 363.4 -720.5 813.0 149.4 278.9 692.8
F 1084.434137 921.654544 -0.452617
E -0.528282 115.901815 68.854139 0.246907
W C 1031.5 114.7 1858.0 741.3 1613.7 1465.9 949.1 1257.9 514.7 834.2 226.4 1592.4
W E -0.562 89.6 73.7 -2.664 68.3 158.9 -0.663 183.1 60.0 -0.348 135.1 60.5 -0.058 104.8 75.1 0.244 169.3 81.3
D C 347.9 -722.6 793.1 145.8 265.8 690.5
F 1124.123850 902.997328 -0.451166
E -0.571766 116.417132 69.573622 0.247791
W C 1032.3 114.8 1857.9 740.8 1614.0 1465.4 948.8 1258.1 514.3 834.4 226.3 1592.6
W E -0.566 89.3 73.5 -2.665 68.1 158.8 -0.663 183.0 59.9 -0.348 135.0 60.4 -0.058 104.8 75.1 0.244 169.3 81.2
D C 313.2 -723.1 758.5 146.6 233.0 692.6
F 1124.533672 903.257447 -0.449914
E -0.571126 116.116480 67.955375 0.224601
W C 1032.7 114.9 1857.6 740.7 1613.8 1465.3 948.8 1258.2 514.4 834.4 226.3 1592.7
W E -0.570 89.1 73.3 -2.665 67.9 158.6 -0.662 182.9 59.8 -0.348 135.0 60.4 -0.057 104.7 75.0 0.244 169.3 81.2
D C 264.4 -723.1 708.3 143.7 184.1 692.2
F 1164.831971 884.227392 -0.448486
E -0.613853 116.799479 68.610046 0.236950
W C 1033.3 115.1 1857.5 740.4 1613.9 1465.0 948.6 1258.3 514.2 834.5 226.3 1592.8
W E -0.574 88.8 73.1 -2.665 67.8 158.5 -0.662 182.7 59.6 -0.347 135.0 60.3 -0.056 104.6 75.0 0.244 169.3 81.1
D C 249.0 -721.9 691.2 144.6 166.4 693.4
F 1204.887486 865.319731 -0.447445
E -0.656547 117.606463 69.381699 0.243068
W C 1033.9 115.2 1857.3 740.0 1613.9 1464.8 948.5 1258.4 514.0 834.6 226.3 1593.0
W E -0.579 88.6 73.0 -2.665 67.6 158.4 -0.662 182.6 59.5 -0.347 135.0 60.3 -0.055 104.6 75.0 0.244 169.3 81.1
D C 200.8 -723.4 644.3 145.2 118.3 697.5
F 1245.648528 847.338350 -0.437916
E -0.697885 118.646400 70.889557 0.256036
W C 1034.0 115.2 1857.5 739.9 1614.0 1464.6 948.3 1258.5 513.9 834.7 226.2 1593.0
W E -0.582 88.5 72.9 -2.666 67.4 158.2 -0.662 182.5 59.4 -0.347 134.9 60.3 -0.055 104.5 75.0 0.244 169.3 81.1
D C 625.4 147.0 103.3 700.2
F 1245.326779 847.384491 -0.439458
E -0.695420 118.328809 69.146578 0.230484
W C 1034.6 115.3 1857.2 739.6 1614.0 1464.4 948.2 1258.5 513.7 834.8 226.2 1593.2
W E -0.587 88.3 72.8 -2.666 67.3 158.1 -0.662 182.4 59.3 -0.347 134.9 60.3 -0.054 104.5 75.0 0.244 169.3 81.1
D C 153.4 -722.0 592.6 145.0 75.1 701.7
F 1286.505475 828.841965 -0.429915
E -0.735598 119.540124 70.582815 0.249097
W C 1034.7 115.3 1857.2 739.5 1613.9 1464.5 948.2 1258.6 513.8 834.8 226.3 1593.2
W E -0.590 88.2 72.7 -2.666 67.1 158.0 -0.662 182.3 59.2 -0.347 134.9 60.2 -0.054 104.5 75.0 0.243 169.3 81.0
D C 548.2 148.5 25.4 704.5
F 1325.884248 812.627224 -0.319519
E -0.772864 121.463180 71.631345 0.271182
W C 1035.9 115.1 1856.9 739.1 1614.0 1464.0 947.9 1258.9 513.4 835.1 226.3 1593.7
W E -0.595 88.0 72.6 -2.666 66.9 157.8 -0.662 182.2 59.1 -0.347 134.9 60.2 -0.054 104.4 74.9 0.243 169.3 81.0
D C 94.8 -727.4 530.3 145.4 6.0 704.9
F 1361.704550 802.796111 -0.162328
E -2.363791 72.901549 124.170914 0.303608
W C 1037.1 114.9 1856.7 738.7 1614.1 1463.5 947.7 1259.3 513.1 835.5 226.4 1594.2
W E -0.600 87.8 72.4 -2.666 66.8 157.7 -0.662 182.1 58.9 -0.347 134.9 60.2 -0.053 104.4 74.9 0.243 169.3 81.0
D C -17.4 -730.3 501.2 85.8 46.7 697.9
F 1389.652117 796.238069 -0.067869
E -2.379644 73.510349 126.229206 0.299771
W C 1038.3 114.6 1856.4 738.4 1614.3 1463.1 947.3 1259.8 512.7 835.8 226.4 1594.6
W E -0.606 87.6 72.2 -2.666 66.6 157.5 -0.662 182.0 58.8 -0.347 134.8 60.1 -0.052 104.3 74.9 0.243 169.3 80.9
D C -69.5 -734.5 488.2 51.5 80.8 694.3
F 1388.508172 796.054460 -0.080198
E -2.377464 72.039298 125.766283 0.259093
W C 1039.3 114.5 1856.2 738.0 1614.2 1463.0 947.0 1260.0 512.4 836.0 226.3 1594.9
W E -0.611 87.4 72.0 -2.666 66.4 157.4 -0.662 181.9 58.7 -0.347 134.8 60.1 -0.052 104.3 74.9 0.243 169.3 80.9
D C -201.2 -720.6 470.1 -31.4 163.9 665.1
F 1420.139743 801.466961 0.112665
E -2.390373 72.909462 127.943055 0.286251
W C 1040.2 114.4 1856.0 737.6 1614.2 1462.8 946.6 1260.3 512.1 836.2 226.1 1595.2
W E -0.616 87.2 71.9 -2.666 66.2 157.3 -0.662 181.8 58.6 -0.346 134.8 60.1 -0.051 104.2 74.9 0.243 169.3 80.9
D C -325.3 -689.0 438.1 -100.9 236.4 637.5
F 1450.473282 812.478157 0.310214
E -2.400730 74.108924 130.268083 0.308023
W C 1039.8 114.5 1856.3 737.7 1614.1 1462.8 946.7 1260.2 512.2 836.2 226.2 1595.1
W E -0.619 87.1 71.8 -2.666 66.1 157.2 -0.662 181.7 58.5 -0.346 134.8 60.1 -0.051 104.2 74.9 0.243 169.3 80.9
D C 394.8 -176.1 312.9 586.5
F 1477.937177 830.764201 0.524531
E -2.409955 75.196354 132.779816 0.318946
W C 1039.6 114.5 1856.5 737.7 1614.0 1462.7 946.8 1260.2 512.2 836.2 226.2 1595.1
W E -0.622 87.1 71.8 -2.666 66.0 157.0 -0.662 181.6 58.4 -0.346 134.7 60.1 -0.051 104.2 74.9 0.243 169.2 80.9
D C 305.4 -271.4 408.1 491.9
F 1477.890675 832.061136 0.535067
E -2.407867 74.084721 132.414549 0.282060
W C 1039.7 114.6 1856.6 737.6 1613.8 1462.7 946.7 1260.3 512.2 836.2 226.2 1595.2
W E -0.624 87.0 71.8 -2.667 65.9 156.9 -0.662 181.5 58.3 -0.346 134.7 60.1 -0.051 104.2 74.9 0.243 169.2 80.9
D C 272.6 -298.5 432.8 455.2
F 1500.551454 857.270350 0.757618
E -2.416311 75.024670 134.927127 0.296196
W C 1039.6 114.6 1856.8 737.5 1613.7 1462.7 946.8 1260.1 512.1 836.3 226.3 1595.3
W E -0.626 87.0 71.7 -2.667 65.8 156.8 -0.662 181.4 58.3 -0.347 134.7 60.0 -0.051 104.2 74.9 0.243 169.2 80.9
D C 197.6 -343.3 477.5 375.6 -139.4 637.0
F 1517.467706 883.737000 0.943917
E -2.421760 75.256726 137.494212 0.297540
W C 1039.4 114.7 1857.1 737.6 1613.6 1462.7 946.8 1259.9 512.0 836.4 226.2 1595.3
W E -0.628 86.9 71.7 -2.667 65.7 156.7 -0.662 181.3 58.2 -0.347 134.6 59.9 -0.050 104.1 74.8 0.243 169.2 80.9
D C 121.6 -374.7 509.4 295.3 -59.8 642.2
F 1529.630530 911.398744 1.112021
E -2.422950 75.102866 140.085036 0.297661
W C 1039.0 114.8 1857.6 737.6 1613.6 1462.7 946.9 1259.7 511.8 836.5 226.2 1595.3
W E -0.630 86.9 71.6 -2.667 65.6 156.6 -0.662 181.2 58.1 -0.347 134.6 59.8 -0.050 104.1 74.8 0.243 169.2 80.8
D C 44.4 -397.5 526.6 212.9 9.4 643.2
F 1534.916611 941.615442 1.300695
E -2.419751 74.650210 142.547826 0.295753
W C 1038.6 114.8 1858.0 737.7 1613.5 1462.7 946.9 1259.6 511.6 836.5 226.1 1595.3
W E -0.632 86.9 71.6 -2.667 65.4 156.6 -0.662 181.1 58.0 -0.347 134.5 59.8 -0.050 104.1 74.8 0.243 169.2 80.8
D C -79.6 -408.3 527.6 77.0 122.2 616.6
F 1533.171538 941.832040 1.312804
E -2.421931 73.063698 142.005073 0.249305
W C 1038.4 114.7 1858.4 737.9 1613.3 1462.7 947.1 1259.3 511.3 837.0 226.0 1595.2
W E -0.633 86.8 71.6 -2.667 65.3 156.5 -0.662 181.1 57.9 -0.347 134.5 59.7 -0.051 103.9 74.7 0.243 169.2 80.8
D C -117.1 -404.9 518.4 38.6 154.2 601.9 -301.8 992.1
F 1530.134715 975.164202 1.548516
E -2.417870 73.171105 144.459228 0.279874
W C 1038.4 114.7 1858.5 738.1 1613.3 1462.7 947.2 1259.0 511.2 837.2 226.1 1595.2
W E -0.633 86.8 71.6 -2.667 65.3 156.4 -0.662 181.0 57.7 -0.347 134.4 59.6 -0.052 103.7 74.6 0.243 169.2 80.8
D C 484.2 -80.6 250.5 552.4 -114.8 1028.0
F 1523.844324 1006.984624 1.734165
E -2.407011 72.722316 146.616385 0.291112
W C 1038.5 114.7 1858.4 737.9 1613.0 1463.0 947.4 1258.9 511.3 837.2 226.1 1595.2
W E -0.633 86.8 71.6 -2.667 65.3 156.4 -0.662 180.9 57.6 -0.347 134.4 59.5 -0.054 103.6 74.5 0.243 169.2 80.8
D C 463.7 -129.5 284.9 522.4 -45.0 1028.0
F 1512.940193 1048.637642 1.800237
E -2.380799 71.766377 148.762810 0.273102
W C 1038.5 114.6 1858.5 737.7 1612.7 1463.3 947.7 1258.7 511.3 837.4 226.2 1595.1
W E -0.633 86.8 71.6 -2.667 65.2 156.4 -0.662 180.8 57.5 -0.347 134.3 59.3 -0.055 103.4 74.3 0.243 169.2 80.8
D C 417.6 -200.3 332.5 472.9 77.4 1016.9
F 1507.465580 1048.622768 1.844812
E -2.383907 71.038496 148.252163 0.243632
W C 1038.3 114.6 1858.5 738.0 1612.8 1463.2 947.8 1258.5 511.2 837.5 226.1 1595.1
W E -0.633 86.8 71.5 -2.667 65.2 156.3 -0.662 180.8 57.4 -0.347 134.2 59.2 -0.057 103.3 74.2 0.243 169.2 80.8
D C 340.7 -282.7 370.5 402.0 195.8 988.2
F 1490.714569 1090.389618 1.884924
E -0.784837 150.188106 70.125748 0.248118
W C 1038.3 114.5 1858.6 737.9 1612.8 1463.3 947.9 1258.4 511.2 837.7 226.2 1595.0
W E -0.633 86.8 71.5 -2.667 65.2 156.3 -0.662 180.7 57.3 -0.347 134.2 59.1 -0.059 103.1 74.1 0.243 169.2 80.8
D C 319.3 -281.9 353.5 402.9 185.7 984.8
F 1469.054578 1131.418771 1.945644
E -0.756827 151.866434 69.426408 0.241215
W C 1038.3 114.5 1858.7 738.2 1612.3 1463.5 948.0 1258.1 511.1 837.6 227.1 1595.7
W E -0.633 86.8 71.5 -2.667 65.2 156.3 -0.662 180.6 57.3 -0.347 134.1 59.0 -0.060 103.0 74.0 0.243 169.0 80.6
D C 240.6 -305.9 991.3 835.3 327.0 374.9 198.7 971.5
F 1447.486627 1170.748427 1.989276
E -0.727386 153.361932 68.917966 0.238049
W C 1038.3 114.4 1858.9 737.9 1611.8 1463.8 948.2 1258.0 511.1 837.6 227.6 1596.2
W E -0.633 86.7 71.5 -2.667 65.2 156.2 -0.663 180.5 57.2 -0.347 134.1 58.9 -0.062 102.8 73.8 0.244 168.8 80.5
D C 214.0 -309.4 977.9 824.1 314.1 371.6 186.3 971.4
F 1426.697715 1208.105591 2.018526
E -0.697350 154.704041 68.560461 0.236039
W C 1038.4 114.2 1859.2 737.3 1611.4 1464.2 948.6 1257.9 511.4 837.6 228.0 1596.4
W E -0.633 86.7 71.5 -2.667 65.2 156.1 -0.663 180.4 57.1 -0.347 134.0 58.7 -0.063 102.7 73.7 0.244 168.6 80.4
D C 178.8 -306.2 951.2 821.8 285.9 373.9 158.4 970.3
F 1424.129430 1208.398854 2.032113
E -0.698111 153.967764 67.525193 0.212803
W C 1038.4 114.3 1859.1 737.7 1611.1 1464.3 948.6 1257.7 511.2 837.7 228.4 1596.6
W E -0.632 86.7 71.5 -2.666 65.2 156.0 -0.663 180.3 57.0 -0.347 133.9 58.6 -0.064 102.5 73.6 0.244 168.5 80.2
D C 128.9 -302.7 907.0 823.3 235.7 375.3 107.0 971.2
F 1402.943489 1247.172122 2.044200
E -0.666951 155.376141 67.183520 0.225728
W C 1038.4 114.1 1859.2 737.4 1610.9 1464.6 948.8 1257.6 511.3 837.7 228.7 1596.7
W E -0.632 86.7 71.5 -2.666 65.1 156.0 -0.663 180.2 56.9 -0.347 133.9 58.4 -0.066 102.4 73.4 0.245 168.3 80.1
D C 113.7 -302.3 890.0 822.9 222.3 376.8 94.9 971.5
F 1381.375252 1285.930946 2.053168
E -0.634890 156.881891 67.039512 0.232418
W C 1038.4 114.1 1859.3 737.2 1610.6 1465.0 949.0 1257.4 511.3 837.7 229.1 1596.8
W E -0.632 86.7 71.5 -2.666 65.1 155.9 -0.662 180.1 56.8 -0.346 133.8 58.3 -0.067 102.3 73.3 0.245 168.2 80.0
D C 66.0 -310.7 840.0 820.9 174.6 375.8 44.1 974.0
F 1360.182992 1323.334632 2.059453
E -0.602481 158.530234 67.034291 0.236084
W C 1038.3 113.9 1859.4 736.7 1610.5 1465.6 949.3 1257.1 511.4 837.7 229.6 1596.9
W E -0.632 86.7 71.5 -2.666 65.1 155.8 -0.662 180.0 56.7 -0.346 133.7 58.1 -0.068 102.1 73.2 0.245 168.0 79.9
D C 33.1 -313.4 805.3 821.5 142.7 377.7 11.2 970.1
F 1339.351601 1358.770393 2.064867
E -0.569820 160.405087 67.164884 0.239221
W C 1038.2 113.6 1859.6 735.5 1610.7 1466.6 949.6 1256.8 511.6 837.6 230.1 1596.9
W E -0.632 86.7 71.5 -2.665 65.1 155.7 -0.662 179.9 56.5 -0.345 133.7 58.0 -0.069 102.0 73.0 0.246 167.8 79.8
D C 19.5 -314.1 787.0 817.8 126.4 379.8 -3.7 969.8
F 1338.534859 1358.786862 2.065282
E -0.569155 159.824839 65.777047 0.216728
W C 1038.1 113.6 1859.6 735.7 1610.4 1467.1 949.7 1256.5 511.5 837.7 230.4 1597.0
W E -0.632 86.7 71.4 -2.665 65.1 155.7 -0.662 179.8 56.4 -0.345 133.6 57.8 -0.070 101.9 72.9 0.246 167.7 79.6
D C -32.5 -322.0 739.6 817.2 75.5 375.2 -57.4 971.4
F 1314.938391 1395.390937 2.132573
E -0.538018 161.870319 66.029304 0.238377
W C 1038.0 113.5 1859.5 735.2 1610.5 1468.0 950.0 1256.1 511.4 837.5 230.8 1596.9
W E -0.631 86.7 71.4 -2.665 65.1 155.6 -0.662 179.7 56.3 -0.344 133.5 57.7 -0.072 101.8 72.8 0.246 167.6 79.5
D C -47.5 -322.1 722.7 813.6 62.7 376.4 -69.6 973.6
F 1289.015596 1430.045267 2.202204
E -0.505650 163.859438 66.844842 0.258326
W C 1037.8 113.3 1859.5 734.8 1610.6 1468.9 950.2 1255.6 511.2 837.5 231.1 1596.7
W E -0.632 86.7 71.4 -2.665 65.1 155.6 -0.662 179.6 56.1 -0.344 133.5 57.6 -0.071 101.8 72.7 0.246 167.4 79.4
D C -112.3 -327.2 725.8 768.1 37.2 368.9
F 1259.349219 1464.184051 2.288017
E -0.472831 165.997543 68.234038 0.278009
W C 1037.8 113.4 1859.4 734.9 1610.5 1468.9 950.3 1255.6 511.1 837.6 231.1 1596.6
W E -0.632 86.7 71.4 -2.665 65.0 155.6 -0.662 179.5 56.1 -0.343 133.4 57.5 -0.071 101.7 72.7 0.246 167.3 79.4
D C 737.4 716.2 29.7 360.8
F 1258.739542 1464.774809 2.284916
E -0.475109 165.688586 67.292355 0.257816
W C 1037.7 113.4 1859.4 735.1 1610.0 1469.3 950.5 1255.4 511.0 837.7 231.4 1596.7
W E -0.632 86.7 71.4 -2.665 65.0 155.6 -0.662 179.5 56.1 -0.343 133.3 57.4 -0.071 101.7 72.7 0.247 167.2 79.3
D C 749.0 659.2 21.4 352.5
F 1225.751885 1495.799976 2.373770
E -0.441442 167.619336 68.655882 0.278658
W C 1037.7 113.4 1859.3 735.2 1609.8 1469.4 950.7 1255.3 510.9 837.7 231.6 1596.7
W E -0.632 86.6 71.4 -2.665 65.0 155.6 -0.662 179.4 56.1 -0.343 133.3 57.4 -0.071 101.7 72.7 0.247 167.1 79.2
D C 758.7 612.0 13.7 349.5
F 1190.953531 1524.309494 2.457880
E -0.406017 169.301801 70.377346 0.291580
W C 1037.7 113.4 1859.3 735.3 1609.7 1469.4 950.7 1255.4 510.8 837.7 231.6 1596.5
W E -0.632 86.6 71.4 -2.665 65.0 155.5 -0.662 179.3 56.1 -0.342 133.2 57.3 -0.071 101.7 72.7 0.247 167.0 79.1
D C 758.2 585.2 7.2 348.2
F 1154.192533 1549.239987 2.545499
E -0.370251 170.674374 72.351667 0.299242
W C 1037.6 113.4 1859.3 735.3 1609.7 1469.4 950.8 1255.5 510.8 837.7 231.6 1596.4
W E -0.632 86.6 71.4 -2.665 65.0 155.5 -0.662 179.2 56.1 -0.342 133.1 57.3 -0.071 101.7 72.7 0.248 166.9 79.0
D C 770.6 508.9 -4.5 342.3
F 1153.895472 1549.476820 2.543044
E -0.374826 170.218436 71.135322 0.275118
W C 1037.6 113.5 1859.2 735.3 1609.5 1469.5 950.9 1255.5 510.8 837.7 231.8 1596.4
W E -0.632 86.6 71.4 -2.665 65.0 155.5 -0.662 179.1 56.1 -0.342 133.1 57.2 -0.071 101.7 72.7 0.248 166.8 79.0
D C 766.6 476.4 -6.5 341.0
F 1113.821358 1570.584784 2.642500
E -0.341478 171.199317 72.361081 0.279709
W C 1037.6 113.5 1859.2 735.4 1609.2 1469.7 951.1 1255.4 510.8 837.6 231.9 1596.4
W E -0.632 86.6 71.4 -2.665 65.0 155.5 -0.662 179.1 56.1 -0.341 133.0 57.1 -0.072 101.6 72.5 0.248 166.7 78.9
D C 760.5 392.3 151.5 927.9 -23.1 337.4
F 1072.667788 1587.071641 2.788761
E -0.308673 171.862075 73.647493 0.297043
W C 1037.5 113.5 1859.1 735.4 1609.0 1469.8 951.2 1255.6 511.1 837.4 232.0 1596.4
W E -0.632 86.6 71.4 -2.665 65.0 155.5 -0.662 179.0 56.1 -0.341 132.9 57.1 -0.073 101.5 72.4 0.248 166.6 78.7
D C 755.6 338.4 180.4 910.6 -30.4 337.6
F 1032.081350 1599.488833 2.912757
E -0.276558 171.853564 74.902013 0.302974
W C 1037.5 113.4 1859.1 735.2 1609.0 1469.6 951.1 1256.0 511.5 837.2 232.0 1596.3
W E -0.631 86.6 71.4 -2.665 65.0 155.5 -0.662 179.0 56.1 -0.341 132.8 57.0 -0.074 101.4 72.2 0.248 166.5 78.6
D C 757.7 290.3 220.0 892.9 -24.9 334.6
F 992.526118 1605.956939 3.021216
E -0.248083 171.272074 75.912338 0.296026
W C 1037.4 113.4 1859.1 735.1 1609.1 1469.4 951.1 1256.2 511.7 837.2 232.0 1596.1
W E -0.631 86.6 71.4 -2.665 65.0 155.5 -0.662 178.9 56.1 -0.341 132.7 56.9 -0.075 101.3 72.1 0.248 166.4 78.5
D C 753.6 172.2 303.5 850.2 -19.5 330.7
F 991.698664 1606.039497 3.015309
E -0.254762 170.743407 74.128051 0.262543
W C 1037.4 113.4 1859.1 735.1 1608.9 1469.5 951.3 1256.2 511.8 837.2 232.0 1596.1
W E -0.631 86.6 71.4 -2.665 65.0 155.5 -0.662 178.9 56.1 -0.341 132.6 56.9 -0.076 101.3 71.9 0.248 166.3 78.4
D C 738.4 98.5 347.6 819.4 -20.3 325.7
F 950.534606 1605.364347 -3.146393
E -0.226879 169.866689 74.946959 0.274205
W C 1037.4 113.3 1859.1 735.0 1608.8 1469.5 951.5 1256.2 512.0 837.1 231.9 1596.0
W E -0.631 86.6 71.4 -2.665 65.0 155.5 -0.662 178.9 56.1 -0.341 132.5 56.8 -0.077 101.2 71.8 0.248 166.2 78.2
D C 717.3 27.0 393.3 776.9 -18.0 321.5
F 910.709440 1600.515520 -3.029391
E -0.200954 168.565150 75.764498 0.278992
W C 1037.4 113.3 1859.1 734.9 1608.8 1469.4 951.6 1256.3 512.2 837.1 231.8 1595.9
W E -0.631 86.6 71.4 -2.665 65.0 155.5 -0.662 178.8 56.1 -0.341 132.4 56.8 -0.078 101.1 71.6 0.248 166.1 78.1
D C 686.3 -48.0 429.1 732.3 -16.8 318.1
F 872.012891 1593.385803 -2.922868
E -0.175895 166.870371 76.634874 0.283141
W C 1037.4 113.3 1859.1 734.8 1609.0 1469.2 951.4 1256.5 512.5 837.1 231.5 1595.7
W E -0.631 86.6 71.4 -2.665 65.0 155.5 -0.662 178.8 56.1 -0.342 132.4 56.7 -0.079 101.0 71.4 0.248 166.1 78.0
D C 674.1 -78.4 446.2 710.7 -17.8 317.5
F 831.634471 1581.026389 -2.862697
E -0.152207 164.842901 77.473196 0.272949
W C 1037.4 113.3 1859.2 734.7 1609.1 1469.1 951.3 1256.6 512.6 837.2 231.2 1595.7
W E -0.631 86.6 71.4 -2.665 65.0 155.5 -0.662 178.8 56.1 -0.342 132.3 56.6 -0.080 100.9 71.3 0.248 166.0 77.8
D C 609.6 -186.5 504.6 627.4 -14.5 310.6
F 831.060063 1577.147612 -2.842017
E -0.157586 164.411924 75.016558 0.238820
W C 1037.0 113.6 1859.2 734.6 1609.1 1469.0 951.6 1256.4 512.8 836.9 230.9 1595.4
W E -0.629 86.4 71.3 -2.664 65.0 155.5 -0.662 178.8 56.1 -0.342 132.2 56.5 -0.080 100.8 71.1 0.248 165.9 77.6
D C 563.9 -251.5 530.6 579.1 277.6 1401.2 -14.4 307.3
F 788.681248 1560.011586 -2.815975
E -0.132284 162.284564 75.849473 0.248494
W C 1037.2 113.6 1859.2 734.5 1609.1 1469.0 951.7 1256.4 512.9 836.9 230.6 1595.6
W E -0.629 86.4 71.3 -2.664 65.0 155.5 -0.662 178.7 56.1 -0.342 132.2 56.5 -0.080 100.7 70.9 0.248 165.8 77.4
D C 514.5 -280.6 518.6 548.9 -35.7 302.6
F 747.574282 1540.605100 -2.779828
E -0.107760 160.233435 76.691713 0.253092
W C 1037.3 113.5 1859.2 734.5 1609.1 1468.9 951.8 1256.3 512.9 836.8 230.5 1595.8
W E -0.629 86.4 71.3 -2.664 65.0 155.4 -0.662 178.7 56.1 -0.343 132.1 56.4 -0.080 100.7 70.8 0.248 165.7 77.3
D C 462.0 -312.3 514.2 521.3 -55.7 302.8
F 707.427303 1519.195221 -2.744675
E -0.081635 158.425016 77.180493 0.250145
W C 1036.7 113.8 1859.3 734.4 1609.3 1468.9 952.5 1256.3 512.9 836.4 230.0 1595.5
W E -0.628 86.3 71.3 -2.664 65.0 155.4 -0.661 178.7 56.0 -0.343 132.1 56.3 -0.080 100.6 70.6 0.248 165.6 77.0
D C 438.5 -324.7 505.4 512.4 343.0 1356.1
F 707.126797 1515.781962 -2.727526
E -0.083754 158.197911 75.621985 0.232293
W C 1036.9 113.8 1859.3 734.4 1609.1 1468.9 952.6 1256.2 513.0 836.2 229.8 1595.8
W E -0.628 86.3 71.3 -2.664 65.0 155.4 -0.661 178.7 56.0 -0.343 132.1 56.3 -0.080 100.5 70.5 0.248 165.5 76.9
D C 383.7 -330.5 458.1 506.2
F 666.602770 1494.286298 -2.707080
E -0.056818 156.296984 76.156953 0.240782
W C 1036.6 114.0 1859.3 734.3 1609.2 1468.8 952.9 1256.1 513.1 836.0 229.5 1595.7
W E -0.627 86.1 71.2 -2.664 65.0 155.4 -0.661 178.7 56.0 -0.343 132.1 56.3 -0.080 100.4 70.3 0.248 165.5 76.7
D C 366.5 -329.6 439.9 510.8 282.2 1358.8
F 627.021093 1472.871630 -2.692917
E -0.030923 154.464149 76.637084 0.244003
W C 1036.4 114.3 1859.4 734.1 1609.2 1468.7 953.1 1256.0 513.2 835.7 229.3 1595.6
W E -0.625 85.9 71.1 -2.664 65.0 155.4 -0.661 178.6 56.0 -0.343 132.0 56.2 -0.079 100.3 70.1 0.248 165.4 76.4
D C 314.1 -329.4 389.6 509.6 234.2 1355.6
F 587.255670 1451.947093 -2.683905
E -0.006665 152.726061 77.579969 0.255148
W C 1036.5 114.3 1859.4 734.1 1609.3 1468.7 953.2 1256.0 513.2 835.6 229.0 1595.8
W E -0.626 85.9 71.1 -2.664 65.0 155.4 -0.661 178.6 56.0 -0.343 132.0 56.2 -0.079 100.2 70.0 0.248 165.3 76.3
D C 281.4 -334.0 358.1 509.2
F 548.936932 1431.508454 -2.676740
E 0.018591 150.959073 78.216567 0.251948
W C 1036.3 114.4 1859.5 733.9 1609.6 1468.4 953.5 1256.0 513.1 835.5 228.6 1595.5
W E -0.625 85.7 71.1 -2.664 65.0 155.4 -0.661 178.6 56.0 -0.343 132.0 56.2 -0.078 100.1 69.8 0.247 165.3 76.0
D C 264.3 -331.8 342.2 513.0 188.3 1362.5
F 548.744375 1430.219223 -2.671617
E 0.016661 150.536879 76.856049 0.234139
W C 1036.4 114.4 1859.4 733.9 1609.5 1468.4 953.5 1255.9 513.3 835.4 228.4 1595.8
W E -0.625 85.7 71.1 -2.664 65.0 155.4 -0.661 178.5 56.0 -0.343 132.0 56.1 -0.078 100.0 69.7 0.247 165.2 75.9
D C 211.3 -333.1 291.9 512.5
F 508.444099 1408.831247 -2.667980
E 0.040405 148.900427 78.032654 0.250634
W C 1036.5 114.4 1859.4 734.0 1609.3 1468.5 953.4 1255.9 513.5 835.3 228.3 1596.0
W E -0.625 85.7 71.1 -2.664 65.0 155.4 -0.661 178.5 56.0 -0.343 132.0 56.1 -0.078 99.9 69.6 0.247 165.1 75.8
D C 162.4 -332.1 238.8 514.0
F 470.138059 1386.982616 -2.606656
E 0.062909 147.251696 79.651738 0.267632
W C 1036.4 114.3 1859.5 733.8 1609.6 1468.3 953.5 1255.8 513.8 835.3 227.7 1596.0
W E -0.625 85.7 71.1 -2.664 65.0 155.4 -0.661 178.5 56.0 -0.343 132.0 56.1 -0.078 99.9 69.5 0.247 165.1 75.7
D C 143.5 -331.4 221.4 517.6
F 433.729678 1365.357162 -2.554119
E 0.086921 145.335732 81.099138 0.267679
W C 1036.6 114.4 1859.6 733.5 1610.0 1467.9 953.9 1255.6 513.8 835.3 226.7 1596.0
W E -0.625 85.5 71.0 -2.664 65.0 155.3 -0.661 178.4 56.0 -0.343 131.9 56.1 -0.078 99.8 69.3 0.247 165.0 75.5
D C 109.7 -338.3 205.5 510.3 87.2 1366.9
F 433.389655 1365.009838 -2.558351
E 0.088069 144.648331 79.584963 0.240097
W C 1036.5 114.6 1859.6 733.4 1610.0 1467.8 954.0 1255.5 514.1 835.1 226.4 1596.0
W E -0.624 85.3 71.0 -2.664 65.0 155.3 -0.661 178.4 56.0 -0.343 131.9 56.0 -0.078 99.6 69.2 0.247 164.9 75.3
D C 51.7 -354.2 204.8 495.6 152.2 1344.3
F 399.113513 1337.501871 -2.476670
E 0.114401 142.669212 81.224032 0.256282
W C 1036.4 114.8 1859.7 733.2 1610.2 1467.5 954.2 1255.3 514.4 835.0 225.8 1596.0
W E -0.624 85.2 70.9 -2.664 65.0 155.3 -0.661 178.4 56.0 -0.343 131.9 56.0 -0.078 99.5 69.1 0.246 164.8 75.2
D C -2.0 -366.8 201.7 479.7 201.0 1334.0
F 366.715740 1306.263019 -2.392314
E 0.140246 140.499010 83.197608 0.266155
W C 1036.3 114.9 1859.7 733.0 1610.3 1467.4 954.3 1255.2 514.7 834.9 225.2 1595.9
W E -0.624 85.0 70.9 -2.664 64.9 155.3 -0.661 178.3 56.0 -0.343 131.9 56.0 -0.078 99.4 68.9 0.246 164.7 75.0
D C -89.3 -367.3 193.6 452.6 287.5 1303.5
F 338.197739 1274.979727 -2.321553
E 0.158457 138.377138 86.007827 0.284418
W C 1036.3 114.7 1859.9 732.8 1610.6 1467.1 954.7 1255.1 515.2 834.8 223.9 1596.0
W E -0.624 85.0 70.9 -2.664 64.9 155.3 -0.661 178.3 56.0 -0.343 131.9 56.0 -0.079 99.3 68.8 0.247 164.6 74.9
D C -114.9 -367.4 192.3 445.6
F 337.800176 1275.114054 -2.324180
E 0.163344 138.005576 85.582110 0.271905
W C 1036.3 114.7 1859.9 732.8 1610.6 1467.1 954.6 1255.1 515.3 834.9 223.9 1596.0
W E -0.624 85.0 70.9 -2.664 64.9 155.3 -0.661 178.3 56.0 -0.343 131.9 56.0 -0.079 99.3 68.7 0.246 164.6 74.8
D C 188.6 433.5
F 311.167298 1238.358173 -2.179617
E 0.189547 135.886040 88.840745 0.300895
W C 1036.1 114.7 1860.0 732.9 1610.5 1467.1 954.6 1255.0 515.4 835.0 224.0 1595.9
W E -0.624 85.0 70.8 -2.665 64.9 155.2 -0.661 178.3 56.0 -0.343 131.8 56.0 -0.080 99.2 68.6 0.246 164.6 74.8
D C 180.2 421.1 -535.6 1553.0
F 290.124822 1199.192012 -2.028249
E 0.208096 133.431188 92.083684 0.320513
W C 1036.0 114.6 1860.0 733.0 1610.4 1467.2 954.6 1254.9 515.5 835.1 224.2 1595.9
W E -0.624 84.9 70.8 -2.665 64.8 155.2 -0.661 178.3 56.0 -0.343 131.8 56.0 -0.081 99.1 68.5 0.246 164.5 74.7
D C 191.5 396.3 -394.3 1589.8
F 273.392952 1161.341792 -1.916125
E 0.212223 130.774682 94.714966 0.323243
W C 1035.8 114.6 1860.0 733.2 1610.5 1467.2 954.6 1254.8 515.5 835.2 224.5 1595.8
W E -0.625 84.9 70.8 -2.666 64.7 155.1 -0.661 178.3 56.0 -0.343 131.8 56.0 -0.083 99.0 68.3 0.246 164.5 74.6
D C 195.4 385.9 -341.6 1607.4
F 261.126273 1121.989955 -1.831805
E 0.199953 128.084359 96.810249 0.315684
W C 1035.8 114.5 1860.0 733.2 1610.5 1467.1 954.6 1254.7 515.6 835.3 224.6 1595.8
W E -0.625 84.9 70.8 -2.666 64.6 155.1 -0.661 178.3 56.0 -0.343 131.8 56.0 -0.084 98.9 68.2 0.245 164.5 74.6
D C 197.8 352.4 -152.7 1641.1
F 260.730987 1122.006255 -1.834676
E 0.208187 127.622776 96.395406 0.300310
W C 1035.8 114.5 1860.0 733.2 1610.5 1467.1 954.7 1254.7 515.7 835.4 224.6 1595.7
W E -0.624 84.9 70.8 -2.666 64.6 155.1 -0.661 178.3 56.0 -0.343 131.8 56.0 -0.085 98.9 68.1 0.245 164.5 74.5
D C 201.8 323.6
F 251.580713 1077.392297 -1.815033
E 0.176458 124.889988 98.466449 0.297962
W C 1035.8 114.5 1860.0 733.1 1610.4 1467.2 954.6 1254.7 515.8 835.3 224.5 1595.7
W E -0.624 84.9 70.8 -2.667 64.5 155.0 -0.661 178.3 56.0 -0.343 131.8 55.9 -0.087 98.8 67.9 0.245 164.5 74.4
D C 186.7 307.7 73.9 1631.5
F 244.529280 1033.207237 -1.789431
E 0.121166 122.621268 100.264194 0.296608
W C 1035.8 114.5 1859.9 733.1 1610.4 1467.2 954.6 1254.8 516.1 835.2 224.4 1595.8
W E -0.624 84.9 70.8 -2.667 64.5 155.0 -0.661 178.3 56.0 -0.343 131.8 55.9 -0.089 98.7 67.8 0.244 164.4 74.4
D C 156.7 300.3 108.7 1625.6
F 241.287872 988.244545 -1.698881
E 0.079640 120.067567 100.359512 0.284324
W C 1035.6 114.6 1860.1 733.1 1610.4 1467.2 954.5 1254.8 516.2 834.9 224.3 1595.9
W E -0.627 84.7 70.7 -2.668 64.4 154.9 -0.661 178.3 56.0 -0.343 131.8 55.9 -0.092 98.5 67.5 0.244 164.4 74.2
D C 777.9 870.3 142.8 297.7 130.5 1647.7
F 238.722978 943.835480 -1.618453
E 0.019279 117.783922 99.813565 0.281316
W C 1035.5 114.8 1860.0 733.0 1610.4 1467.2 954.6 1254.8 516.2 834.9 224.4 1595.8
W E -0.629 84.5 70.7 -2.668 64.3 154.9 -0.661 178.3 56.0 -0.343 131.8 55.9 -0.094 98.3 67.2 0.243 164.4 74.0
D C 744.5 853.8 91.7 296.6 109.0 1630.4
F 239.070375 942.203836 -1.620265
E 0.059928 116.754739 98.369767 0.262615
W C 1035.2 114.8 1860.2 732.8 1610.5 1467.1 954.7 1254.6 516.6 835.2 224.2 1595.2
W E -0.631 84.3 70.6 -2.668 64.2 154.8 -0.661 178.3 56.0 -0.343 131.8 55.9 -0.096 98.2 67.0 0.242 164.3 73.8
D C 769.1 794.2 75.3 286.5
F 242.229089 895.908365 -1.524482
E -0.035866 115.225244 97.749778 0.285671
W C 1035.0 114.9 1860.3 732.7 1610.5 1467.0 954.8 1254.5 516.9 835.4 224.1 1594.8
W E -0.631 84.2 70.6 -2.668 64.2 154.8 -0.661 178.3 56.0 -0.343 131.8 55.9 -0.097 98.1 66.7 0.242 164.3 73.7
D C 796.1 731.6 59.8 275.2
F 249.127548 850.121530 -1.434414
E -0.124877 114.465329 96.133288 0.299993
W C 1034.8 115.0 1860.3 732.6 1610.6 1466.9 954.8 1254.4 517.0 835.6 224.0 1594.4
W E -0.632 84.0 70.5 -2.668 64.2 154.8 -0.661 178.3 56.0 -0.342 131.8 55.9 -0.098 98.0 66.4 0.241 164.3 73.5
D C 798.9 673.2 39.8 269.8
F 258.624447 807.078654 -1.352449
E -0.177804 113.553896 93.790452 0.293993
W C 1034.8 115.1 1860.3 732.5 1610.4 1466.8 954.9 1254.4 517.1 835.5 224.1 1594.5
W E -0.633 83.8 70.5 -2.668 64.2 154.8 -0.661 178.2 55.9 -0.342 131.7 55.9 -0.098 97.9 66.1 0.240 164.3 73.4
D C 806.7 646.7 27.1 268.4 -373.5 1413.0
F 260.609323 804.421866 -1.350931
E -0.112691 110.967210 92.589871 0.263693
W C 1034.7 115.1 1860.4 732.3 1610.5 1466.6 955.0 1254.2 517.4 836.2 223.9 1593.8
W E -0.635 83.7 70.4 -2.669 64.1 154.8 -0.661 178.2 55.9 -0.342 131.7 55.9 -0.098 97.8 65.8 0.240 164.2 73.2
D C 816.6 568.6 474.0 1516.4 -0.2 265.4
F 276.432651 759.812813 -1.257713
E -0.179027 110.994693 90.575135 0.290280
W C 1035.0 114.9 1860.5 732.1 1610.6 1466.5 955.1 1254.1 517.4 837.1 223.6 1593.3
W E -0.636 83.6 70.4 -2.669 64.0 154.7 -0.661 178.2 55.9 -0.342 131.7 55.9 -0.097 97.7 65.6 0.240 164.2 73.2
D C 572.4 1473.6 -29.0 267.1
F 294.367683 719.145283 -1.166895
E -0.215393 110.211672 88.793909 0.291773
W C 1034.9 115.0 1860.5 732.0 1610.6 1466.5 955.1 1254.0 517.5 836.9 223.7 1593.2
W E -0.638 83.5 70.3 -2.669 63.9 154.7 -0.661 178.2 55.9 -0.342 131.7 55.9 -0.097 97.7 65.5 0.240 164.2 73.1
D C 817.8 457.5 599.2 1437.2
F 315.620659 679.236592 -1.078699
E -0.244960 109.530077 87.127006 0.293143
W C 1034.9 115.2 1860.4 732.0 1610.6 1466.4 955.1 1254.0 517.5 836.8 223.7 1593.3
W E -0.641 83.3 70.3 -2.669 63.8 154.7 -0.661 178.2 55.9 -0.342 131.7 55.9 -0.097 97.6 65.4 0.239 164.2 73.1
D C 813.0 394.5 662.2 1391.8
F 338.398138 642.508884 -0.998092
E -0.267600 108.793822 85.650133 0.291537
W C 1034.8 115.3 1860.4 732.0 1610.6 1466.4 955.1 1254.0 517.4 836.6 223.7 1593.3
W E -0.643 83.1 70.2 -2.670 63.7 154.6 -0.661 178.2 55.9 -0.342 131.7 55.9 -0.097 97.5 65.4 0.239 164.2 73.0
D C 801.2 338.3 710.7 1352.0
F 340.339808 642.294459 -0.992022
E -0.290195 106.455463 85.174402 0.254342
W C 1034.8 115.5 1860.4 731.9 1610.6 1466.2 955.2 1254.0 517.7 836.6 223.8 1593.2
W E -0.646 83.0 70.1 -2.670 63.6 154.6 -0.661 178.2 55.8 -0.342 131.7 55.8 -0.097 97.5 65.3 0.239 164.2 73.0
D C 783.6 281.0 764.5 1295.6 35.1 1477.0
F 370.471830 607.284694 -0.894517
E -0.329349 105.753399 83.308792 0.261108
W C 1034.7 115.7 1860.3 731.8 1610.5 1466.0 955.3 1253.9 517.9 836.7 223.8 1593.1
W E -0.649 82.9 70.0 -2.670 63.5 154.6 -0.661 178.2 55.7 -0.342 131.7 55.8 -0.097 97.4 65.2 0.239 164.2 73.0
D C 764.5 209.6 833.2 1216.3 116.1 1466.2
F 401.328295 574.422049 -0.814487
E -0.361332 105.101219 81.152414 0.256309
W C 1034.8 115.8 1860.4 731.7 1610.4 1465.8 955.1 1253.8 518.1 836.8 224.0 1593.2
W E -0.652 82.7 69.9 -2.671 63.4 154.5 -0.661 178.2 55.6 -0.342 131.7 55.8 -0.097 97.3 65.2 0.239 164.2 72.9
D C 750.4 188.6 850.1 1201.2 138.7 1465.5 -131.7 814.5
F 434.023393 544.340633 -0.738227
E -0.384281 104.491015 79.028719 0.253116
W C 1034.9 115.9 1860.4 731.6 1610.3 1465.6 955.0 1253.6 518.2 836.9 224.1 1593.3
W E -0.655 82.6 69.8 -2.671 63.3 154.5 -0.661 178.2 55.5 -0.342 131.6 55.7 -0.098 97.3 65.1 0.239 164.2 72.9
D C 727.1 133.6 899.2 1132.4 210.0 1454.1 -106.8 819.3
F 435.520117 544.705790 -0.734241
E -0.407353 102.997863 78.033654 0.224618
W C 1034.9 116.1 1860.5 731.5 1610.3 1465.4 954.9 1253.4 518.4 837.1 224.2 1593.3
W E -0.657 82.5 69.7 -2.671 63.2 154.5 -0.661 178.2 55.4 -0.342 131.6 55.6 -0.098 97.2 65.0 0.239 164.2 72.8
D C 698.3 82.3 944.5 1076.4 270.3 1433.5 -82.0 825.8
F 472.165205 518.507646 -0.643040
E -0.422270 102.591831 75.805790 0.239511
W C 1034.9 116.3 1860.5 731.4 1610.2 1465.2 954.9 1253.2 518.6 837.2 224.3 1593.3
W E -0.660 82.3 69.6 -2.671 63.1 154.5 -0.661 178.1 55.3 -0.342 131.6 55.6 -0.098 97.1 65.0 0.239 164.2 72.8
D C 666.6 37.4 967.4 1005.2 325.5 1413.6 -64.3 828.6
F 511.104407 495.414130 -0.552683
E -0.430953 102.170747 73.805058 0.245778
W C 1034.9 116.5 1860.6 731.3 1610.2 1465.0 954.8 1253.0 518.7 837.3 224.4 1593.4
W E -0.662 82.2 69.5 -2.671 63.0 154.4 -0.661 178.1 55.2 -0.342 131.6 55.5 -0.098 97.1 64.9 0.239 164.2 72.8
D C 622.5 -24.4 1014.1 914.9 411.7 1376.0 -33.9 834.3
F 550.183593 474.824205 -0.476778
E -0.436886 101.708298 72.070733 0.247667
W C 1035.1 116.7 1860.5 731.2 1610.1 1464.8 954.7 1252.8 518.6 837.4 224.4 1593.5
W E -0.665 82.1 69.4 -2.671 62.9 154.4 -0.661 178.1 55.1 -0.342 131.6 55.4 -0.099 97.0 64.9 0.239 164.2 72.8
D C 604.6 -51.6 1023.5 862.5 449.3 1363.5 -13.3 827.0
F 589.279146 457.094514 -0.405828
E -0.442959 101.210196 70.606865 0.247335
W C 1035.4 117.0 1860.5 731.1 1610.1 1464.7 954.6 1252.6 518.5 837.6 224.5 1593.7
W E -0.667 82.0 69.2 -2.672 62.7 154.4 -0.661 178.1 55.0 -0.342 131.6 55.4 -0.099 97.0 64.8 0.239 164.1 72.7
D C 568.7 -89.3 1040.7 798.1 498.2 1330.7 -0.6 831.2
F 590.146625 457.729790 -0.402161
E -0.459505 100.097416 69.266062 0.220098
W C 1035.5 117.2 1860.4 731.0 1610.1 1464.5 954.5 1252.4 518.6 837.7 224.6 1593.7
W E -0.669 81.9 69.1 -2.672 62.6 154.3 -0.661 178.1 55.0 -0.342 131.5 55.3 -0.099 97.0 64.8 0.238 164.1 72.7
D C 527.9 -130.1 1061.6 724.8 555.9 1288.5 29.9 827.4
F 632.590226 444.029033 -0.335997
E -0.463246 99.644691 67.914528 0.231881
W C 1035.6 117.4 1860.4 730.9 1610.0 1464.3 954.4 1252.2 518.5 837.8 224.6 1593.8
W E -0.671 81.7 68.9 -2.672 62.5 154.3 -0.661 178.1 54.9 -0.342 131.5 55.3 -0.099 96.9 64.7 0.238 164.1 72.7
D C 489.8 -161.4 1074.0 658.4 599.7 1250.5 49.9 822.7
F 676.641201 432.355185 -0.313191
E -0.470396 99.131392 66.935103 0.233637
W C 1035.7 117.6 1860.4 730.8 1610.0 1464.2 954.4 1252.0 518.5 837.8 224.7 1593.8
W E -0.673 81.6 68.8 -2.672 62.4 154.3 -0.661 178.1 54.8 -0.342 131.5 55.2 -0.099 96.9 64.7 0.238 164.1 72.6
D C 424.9 -203.8 1063.6 573.7 634.1 1206.3 54.5 815.3
F 719.342248 421.163956 -0.295245
E -0.482401 98.647741 66.270550 0.234025
W C 1035.9 117.9 1860.4 730.7 1610.0 1464.0 954.3 1251.8 518.3 837.9 224.7 1594.0
W E -0.676 81.5 68.6 -2.672 62.3 154.2 -0.661 178.0 54.7 -0.342 131.5 55.1 -0.099 96.8 64.6 0.238 164.1 72.6
D C 408.4 -202.0 1043.3 583.6 616.2 1207.9 36.9 814.5
F 720.051922 422.370778 -0.288145
E -0.493939 97.669277 64.812491 0.210872
W C 1036.1 118.1 1860.3 730.6 1609.9 1463.9 954.3 1251.6 518.3 838.0 224.7 1594.0
W E -0.678 81.4 68.4 -2.672 62.2 154.2 -0.661 178.0 54.6 -0.342 131.5 55.1 -0.099 96.8 64.6 0.238 164.1 72.6
D C 380.0 -201.3 1007.7 584.2 584.3 1208.8 4.4 815.2
F 763.424880 410.754438 -0.282655
E -0.494995 97.864838 65.221115 0.231526
W C 1036.3 118.2 1860.2 730.5 1609.9 1463.7 954.2 1251.5 518.3 838.1 224.8 1594.1
W E -0.680 81.4 68.4 -2.672 62.1 154.2 -0.661 178.0 54.5 -0.342 131.4 55.0 -0.099 96.8 64.6 0.238 164.1 72.6
D C 962.2 581.7 529.8 1207.7 -43.5 821.1
F 805.737250 399.373088 -0.275632
E -0.517077 97.384925 65.102072 0.232172
W C 1036.6 118.5 1860.1 730.4 1609.8 1463.5 954.2 1251.3 518.0 838.2 224.8 1594.2
W E -0.684 81.3 68.1 -2.672 62.0 154.1 -0.661 178.0 54.4 -0.342 131.4 55.0 -0.099 96.8 64.5 0.238 164.1 72.6
D C 314.8 -199.0 943.1 578.1 513.7 1211.2 -58.9 823.9
F 848.087075 387.838262 -0.274870
E -0.546345 96.929963 65.204823 0.232218
W C 1037.0 118.8 1859.9 730.2 1609.8 1463.3 954.1 1251.2 517.9 838.2 224.8 1594.4
W E -0.688 81.2 67.9 -2.672 61.8 154.1 -0.661 178.0 54.3 -0.342 131.4 54.9 -0.099 96.7 64.5 0.238 164.1 72.5
D C 265.7 -198.0 891.4 580.9 465.3 1208.9 -108.0 828.4
F 891.452639 377.217404 -0.263775
E -0.558546 97.251732 67.049929 0.243712
W C 1037.0 119.0 1859.9 730.2 1609.8 1463.2 954.1 1251.0 517.7 838.3 224.9 1594.4
W E -0.690 81.2 67.8 -2.672 61.7 154.1 -0.661 178.0 54.3 -0.342 131.4 54.8 -0.099 96.7 64.5 0.238 164.1 72.5
D C 869.8 582.1 451.0 1216.1 -123.8 830.4
F 891.953950 377.569382 -0.263930
E -0.554185 96.840929 66.124069 0.223987
W C 1037.2 119.1 1859.8 730.1 1609.7 1463.1 954.1 1251.0 517.8 838.3 224.9 1594.5
W E -0.692 81.2 67.8 -2.672 61.7 154.0 -0.661 178.0 54.2 -0.342 131.4 54.8 -0.099 96.7 64.5 0.238 164.1 72.5
D C 819.7 578.2 395.0 1211.1 -171.4 832.0
F 936.398968 368.462551 -0.194615
E -0.564377 97.377431 68.298405 0.246564
W C 1037.2 119.0 1859.7 730.3 1609.7 1463.1 954.1 1250.9 517.9 838.5 225.0 1594.5
W E -0.694 81.1 67.7 -2.672 61.6 154.0 -0.660 178.0 54.1 -0.342 131.3 54.7 -0.099 96.7 64.5 0.238 164.1 72.5
D C 786.8 577.0 369.8 1208.9 -199.2 836.0
F 979.759408 361.937366 -0.125695
E -0.579990 97.920089 70.823199 0.258289
W C 1037.1 119.0 1859.8 730.4 1609.6 1463.1 954.1 1250.7 517.9 838.6 225.0 1594.6
W E -0.696 81.1 67.6 -2.673 61.5 154.0 -0.660 177.9 54.1 -0.342 131.3 54.7 -0.099 96.7 64.4 0.238 164.1 72.5
D C 791.9 547.7 397.6 1194.2 -178.9 841.8
F 1024.246899 358.394125 -0.053378
E -0.606108 98.549300 73.651998 0.265354
W C 1037.0 118.9 1859.8 730.6 1609.6 1463.1 954.2 1250.6 517.9 838.6 225.1 1594.6
W E -0.698 81.1 67.6 -2.673 61.4 154.0 -0.660 177.9 54.0 -0.342 131.3 54.7 -0.099 96.7 64.4 0.238 164.1 72.5
D C 800.5 487.3 456.3 1164.3 -151.4 853.1
F 1024.278618 357.940609 -0.059007
E -0.599492 98.221523 72.372097 0.239442
W C 1037.1 119.0 1859.8 730.6 1609.6 1463.0 954.2 1250.5 518.0 838.7 225.2 1594.7
W E -0.699 81.1 67.5 -2.673 61.4 153.9 -0.660 177.9 53.9 -0.342 131.3 54.6 -0.099 96.7 64.4 0.238 164.1 72.5
D C 792.5 440.1 486.3 1136.8 -131.6 864.4
F 1069.479364 360.161711 0.032278
E -0.632692 98.878898 75.135669 0.255878
W C 1037.1 119.0 1859.7 730.7 1609.6 1462.9 954.2 1250.4 518.0 838.8 225.2 1594.7
W E -0.701 81.1 67.5 -2.673 61.3 153.9 -0.660 177.9 53.9 -0.342 131.3 54.6 -0.099 96.7 64.4 0.238 164.1 72.5
D C 783.9 354.0 551.8 1073.5 -89.2 871.4
F 1113.762620 364.390263 0.087657
E -0.685332 99.660789 77.733421 0.259027
W C 1037.1 119.0 1859.7 730.8 1609.5 1462.9 954.3 1250.3 518.0 838.8 225.2 1594.7
W E -0.702 81.1 67.5 -2.673 61.3 153.9 -0.660 177.9 53.8 -0.342 131.3 54.5 -0.099 96.7 64.4 0.238 164.1 72.5
D C 773.2 321.0 577.4 1051.0 -73.1 872.3
F 1158.055904 370.899799 0.104279
E -0.754849 100.728465 80.143602 0.257656
W C 1037.0 119.0 1859.7 730.9 1609.6 1462.9 954.3 1250.3 517.9 838.8 225.3 1594.8
W E -0.703 81.1 67.4 -2.673 61.2 153.8 -0.660 177.9 53.8 -0.342 131.2 54.5 -0.099 96.7 64.4 0.238 164.1 72.5
D C 760.3 264.8 611.3 1007.6 -49.1 875.8
F 1201.825750 377.659175 0.120209
E -2.405326 82.229713 102.170475 0.256285
W C 1036.9 119.0 1859.7 730.9 1609.6 1462.9 954.4 1250.2 517.9 838.8 225.3 1594.8
W E -0.704 81.0 67.4 -2.673 61.1 153.8 -0.660 177.9 53.7 -0.342 131.2 54.4 -0.099 96.7 64.4 0.238 164.1 72.5
D C 717.7 259.9 567.3 1010.5 -90.0 879.8
F 1201.722601 378.582107 0.125737
E -2.383006 81.130036 101.538878 0.232751
W C 1036.9 119.0 1859.7 731.0 1609.5 1462.9 954.5 1250.2 517.9 838.8 225.3 1594.8
W E -0.706 81.0 67.3 -2.673 61.1 153.8 -0.660 177.9 53.6 -0.342 131.2 54.4 -0.099 96.7 64.4 0.238 164.1 72.5
D C 700.2 258.4 553.8 1008.0 -106.8 882.8
F 1246.011407 384.668325 0.128330
E -2.464028 82.992913 103.249988 0.243488
W C 1036.9 119.0 1859.7 731.0 1609.5 1462.9 954.5 1250.2 517.9 838.8 225.3 1594.8
W E -0.707 81.0 67.3 -2.673 61.0 153.7 -0.660 177.8 53.6 -0.342 131.2 54.4 -0.099 96.7 64.4 0.238 164.1 72.5
D C 647.3 264.1 502.1 1014.8 -159.5 883.0
F 1289.943248 391.264859 0.133989
E -2.546775 84.594221 105.398037 0.249228
W C 1036.8 119.0 1859.7 731.1 1609.6 1462.9 954.6 1250.1 517.9 838.8 225.4 1594.8
W E -0.708 81.0 67.3 -2.674 61.0 153.7 -0.660 177.8 53.5 -0.342 131.2 54.3 -0.099 96.7 64.3 0.238 164.1 72.5
D C 631.6 262.2 485.8 1013.0 -177.4 888.3
F 1333.625245 398.072491 0.142976
E -2.624004 85.895627 107.939046 0.252086
W C 1036.6 118.9 1859.8 731.2 1609.6 1463.0 954.7 1250.1 517.9 838.8 225.4 1594.8
W E -0.709 81.0 67.2 -2.674 60.9 153.6 -0.660 177.8 53.5 -0.342 131.2 54.3 -0.099 96.7 64.3 0.237 164.1 72.5
D C 597.3 265.3 449.4 1015.8 -211.3 886.6
F 1333.860842 397.669297 0.139380
E -2.604516 85.128381 107.093572 0.229907
W C 1036.7 118.9 1859.7 731.3 1609.6 1462.9 954.7 1250.0 517.9 838.8 225.4 1594.8
W E -0.710 81.0 67.2 -2.674 60.9 153.6 -0.660 177.8 53.4 -0.342 131.1 54.3 -0.099 96.7 64.3 0.237 164.1 72.5
D C 549.5 266.6 401.0 1013.9 -258.8 889.9
F 1378.608471 404.084335 0.140135
E -2.675049 86.307179 109.903058 0.242965
W C 1036.6 118.9 1859.7 731.4 1609.6 1462.9 954.8 1250.0 517.9 838.7 225.5 1594.8
W E -0.711 81.0 67.2 -2.674 60.8 153.5 -0.660 177.8 53.4 -0.342 131.1 54.2 -0.099 96.7 64.3 0.237 164.0 72.5
D C 534.7 265.6 387.7 1016.7 -272.4 895.5
F 1422.338429 409.962043 0.139028
E -2.733722 87.227535 113.135932 0.255801
W C 1036.6 118.9 1859.7 731.4 1609.6 1462.9 954.8 1250.0 517.9 838.7 225.5 1594.8
W E -0.712 81.0 67.2 -2.674 60.8 153.5 -0.660 177.8 53.3 -0.342 131.1 54.2 -0.099 96.7 64.3 0.237 164.0 72.5
D C 487.4 268.7 335.3 1017.6
F 1466.389131 416.315926 0.142722
E -2.783674 88.024439 116.677785 0.263782
W C 1036.5 118.9 1859.8 731.5 1609.6 1462.9 954.8 1250.0 517.8 838.7 225.5 1594.8
W E -0.712 81.0 67.1 -2.674 60.7 153.5 -0.660 177.7 53.3 -0.342 131.1 54.2 -0.099 96.7 64.3 0.237 164.0 72.5
D C 455.4 265.9 303.6 1014.8
F 1466.344446 415.958057 0.141108
E -2.771018 87.477732 115.777965 0.243984
W C 1036.5 118.9 1859.8 731.5 1609.7 1462.9 954.8 1250.0 517.8 838.7 225.5 1594.8
W E -0.713 81.0 67.1 -2.675 60.7 153.4 -0.660 177.7 53.3 -0.342 131.1 54.2 -0.099 96.7 64.3 0.237 164.0 72.5
D C 436.2 267.4 290.6 1016.7
F 1510.929743 421.705259 0.138046
E -2.814589 88.218042 119.426090 0.257649
W C 1036.5 118.8 1859.7 731.6 1609.7 1462.9 954.8 1250.0 517.8 838.7 225.5 1594.8
W E -0.714 80.9 67.1 -2.675 60.6 153.4 -0.660 177.7 53.2 -0.342 131.1 54.2 -0.099 96.7 64.3 0.237 164.0 72.5
D C 389.4 271.1 237.9 1018.8
F 1554.844064 427.879990 0.138802
E -2.852414 88.867456 123.278681 0.265480
W C 1036.3 118.8 1859.8 731.6 1609.7 1462.9 954.8 1250.0 517.8 838.7 225.5 1594.9
W E -0.715 80.9 67.1 -2.675 60.6 153.3 -0.660 177.7 53.2 -0.342 131.1 54.2 -0.099 96.7 64.3 0.237 164.0 72.5
D C 372.0 272.8 218.6 1021.1
F 1598.726102 434.223921 0.143527
E -2.885378 89.425420 127.315954 0.270170
W C 1036.2 118.8 1860.0 731.6 1609.7 1462.9 954.9 1250.0 517.8 838.7 225.5 1594.9
W E -0.716 80.9 67.1 -2.675 60.5 153.3 -0.660 177.7 53.1 -0.342 131.1 54.2 -0.099 96.7 64.3 0.237 164.0 72.5
D C 327.8 272.8 173.6 1023.7
F 1640.242459 441.169474 0.150505
E -2.913473 89.831641 131.314520 0.271653
W C 1036.0 118.7 1860.2 731.6 1609.7 1462.9 954.8 1250.0 517.7 838.7 225.5 1594.9
W E -0.716 80.9 67.0 -2.676 60.4 153.2 -0.659 177.6 53.1 -0.342 131.1 54.2 -0.099 96.7 64.3 0.237 164.0 72.4
D C 311.1 273.8 154.6 1026.0
F 1646.293148 441.589428 0.151439
E -2.913890 89.433121 130.998305 0.251483
W C 1036.0 118.7 1860.3 731.6 1609.7 1462.9 954.9 1249.9 517.7 838.7 225.6 1594.9
W E -0.717 80.9 67.0 -2.676 60.4 153.2 -0.659 177.6 53.1 -0.342 131.1 54.2 -0.099 96.7 64.3 0.237 164.0 72.4
D C 275.0 275.4 119.7 1028.7
F 1646.730097 440.271104 0.144156
E -2.909525 89.011220 130.194617 0.236683
W C 1036.0 118.7 1860.2 731.7 1609.8 1462.9 954.9 1249.9 517.7 838.7 225.6 1594.9
W E -0.718 80.9 67.0 -2.676 60.3 153.1 -0.659 177.6 53.0 -0.342 131.1 54.2 -0.098 96.7 64.3 0.237 164.0 72.4
D C 236.5 272.9 87.6 1026.0
F 1647.023629 439.389529 0.139435
E -2.905104 88.605105 129.581572 0.225604
W C 1036.0 118.7 1860.1 731.8 1609.9 1462.9 954.9 1249.9 517.8 838.7 225.6 1594.9
W E -0.718 80.9 67.0 -2.677 60.3 153.1 -0.659 177.6 53.0 -0.342 131.1 54.2 -0.098 96.7 64.3 0.237 164.0 72.4
D C 238.9 274.0 90.6 1024.0
F 1647.242536 438.726001 0.135968
E -2.900735 88.213480 129.088838 0.216944
W C 1036.1 118.7 1860.0 731.8 1609.9 1462.9 954.9 1249.9 517.8 838.7 225.6 1594.9
W E -0.719 80.9 67.0 -2.677 60.2 153.0 -0.659 177.6 53.0 -0.342 131.1 54.2 -0.098 96.7 64.3 0.237 164.0 72.4
D C 240.1 275.4 90.5 1022.8
F 1647.441517 438.259193 0.133387
E -2.896474 87.835361 128.677959 0.209954
W C 1036.1 118.7 1859.9 731.9 1610.0 1462.8 954.9 1249.9 517.8 838.7 225.6 1594.9
W E -0.720 80.9 67.0 -2.677 60.2 153.0 -0.659 177.5 52.9 -0.342 131.1 54.2 -0.098 96.7 64.3 0.237 164.0 72.4
D C 239.5 274.7 90.1 1019.0
F 1647.608800 437.851423 0.131340
E -2.892352 87.469909 128.326047 0.204172
W C 1036.1 118.7 1859.8 731.9 1610.0 1462.8 955.0 1249.9 517.8 838.7 225.6 1594.9
W E -0.720 80.9 67.0 -2.677 60.1 152.9 -0.659 177.5 52.9 -0.342 131.1 54.2 -0.098 96.7 64.3 0.237 164.0 72.4
D C 238.7 273.7 90.6 1024.2
F 1647.754378 437.514433 0.129704
E -2.888382 87.116425 128.018394 0.199294
W C 1036.1 118.7 1859.7 732.0 1610.1 1462.8 955.0 1249.9 517.8 838.7 225.6 1594.8
W E -0.721 80.9 66.9 -2.678 60.1 152.9 -0.659 177.5 52.9 -0.342 131.1 54.2 -0.098 96.7 64.3 0.237 164.0 72.4
D C 238.7 273.7 90.6 1024.6
F 1647.877389 437.229957 0.128370
E -2.884569 86.774280 127.745139 0.195110
W C 1036.1 118.7 1859.6 732.0 1610.1 1462.8 955.0 1249.9 517.8 838.6 225.6 1594.8
W E -0.721 80.9 66.9 -2.678 60.0 152.9 -0.659 177.5 52.8 -0.342 131.1 54.2 -0.098 96.7 64.3 0.237 164.0 72.4
D C 239.2 274.3 90.6 1024.1
